   0.0000000000000000e+00   1.0000000000000000e+00   0.0000000000000000e+00
   0.0000000000000000e+00   3.0901699437494751e-01   9.5105651629515353e-01
   0.0000000000000000e+00  -8.0901699437494745e-01   5.8778525229247325e-01
   0.0000000000000000e+00  -8.0901699437494745e-01  -5.8778525229247325e-01
   0.0000000000000000e+00   3.0901699437494751e-01  -9.5105651629515353e-01
   3.7454140955358112e-01  -4.3301051567690352e-01   8.1989061821857590e-01
   3.7454140955358112e-01  -9.1356992319326147e-01  -1.5845733800072170e-01
   3.7454140955358112e-01  -1.3160674795616290e-01  -9.1782263886985249e-01
   3.7454140955358112e-01   8.3223247980751214e-01  -4.0878824846496692e-01
   3.7454140955358112e-01   6.4595470701881608e-01   6.6517760711696550e-01
  -3.7454140955358112e-01  -4.3301051567690352e-01  -8.1989061821857590e-01
  -3.7454140955358112e-01  -9.1356992319326147e-01   1.5845733800072170e-01
  -3.7454140955358112e-01  -1.3160674795616290e-01   9.1782263886985249e-01
  -3.7454140955358112e-01   8.3223247980751214e-01   4.0878824846496692e-01
  -3.7454140955358112e-01   6.4595470701881608e-01  -6.6517760711696550e-01
   8.3249748700098192e-01  -5.5402882067366310e-01   0.0000000000000000e+00
   8.3249748700098192e-01  -1.7120432096167240e-01  -5.2691272011700629e-01
   8.3249748700098192e-01   4.4821873129850359e-01  -3.2564997013697050e-01
   8.3249748700098192e-01   4.4821873129850359e-01   3.2564997013697050e-01
   8.3249748700098192e-01  -1.7120432096167179e-01   5.2691272011700652e-01
  -8.3249748700098192e-01  -5.5402882067366310e-01   0.0000000000000000e+00
  -8.3249748700098192e-01  -1.7120432096167240e-01   5.2691272011700629e-01
  -8.3249748700098192e-01   4.4821873129850359e-01   3.2564997013697050e-01
  -8.3249748700098192e-01   4.4821873129850359e-01  -3.2564997013697050e-01
  -8.3249748700098192e-01  -1.7120432096167179e-01  -5.2691272011700652e-01
