  -9.1641059331154195e-01   3.8809495841773600e-01  -9.7846449690951007e-02
  -3.3701152641466697e-01   6.4243196558418902e-01  -6.8826186924693999e-01
  -2.6121928544566603e-01  -5.8649452007514602e-01   7.6667376558291100e-01
  -5.4964276827714698e-01   3.0288837411912700e-01   7.7855729404078300e-01
   3.2501735283432898e-01   3.4292053503812697e-01  -8.8134512366367002e-01
   9.5648561469427196e-01   1.5752725105415000e-01  -2.4560218659092400e-01
  -1.1989579597192900e-01   1.6259499562067800e-01   9.7938136877692805e-01
   5.8335021409903598e-01  -7.1759686654955601e-01   3.8046979489687199e-01
   7.5157417974087304e-01   4.9360783584804702e-01   4.3759291211837698e-01
  -2.0099066975146901e-01  -6.7361984834628097e-01  -7.1122362909762005e-01
   7.5343851425311004e-01   6.5744001020206899e-01   1.0150774629048001e-02
   7.3692555068779997e-01   4.4931282764084801e-01  -5.0503338073920201e-01
  -7.3634101973024002e-02   9.0812629738398698e-01   4.1217065279599402e-01
  -8.6042574836655705e-01   3.9561508504338100e-01   3.2117944522333303e-01
   4.1836748242150101e-01   8.3181063336918404e-01   3.6477351859236001e-01
   4.4228715652919198e-01   2.4883944668473401e-01   8.6166176713543297e-01
  -4.9838027396035700e-01  -8.0610799982665604e-01  -3.1907208455561797e-01
   6.5956329886507203e-01   2.8911097592946002e-02  -7.5109280600082695e-01
   6.3737668870740005e-02  -9.1972172478905401e-01  -3.8736218003048700e-01
  -7.9287598807206106e-01   3.0192132235069502e-01  -5.2933088200931599e-01
   8.0005715724551396e-01   3.5143072358975999e-02   5.9889357118389497e-01
   4.1370727733030999e-01  -9.1027577343516297e-01   1.5630258505813999e-02
   6.1819694991656204e-01  -7.2590781594211595e-01  -3.0148030427874900e-01
  -2.1788341505192299e-01   6.2090846643219499e-01   7.5299368772794595e-01
   3.0429599561232401e-01  -3.0819477257224598e-01  -9.0134340249066403e-01
  -9.8049067836014903e-01  -1.2950441367685100e-01   1.4787371804032701e-01
  -1.5622584188969099e-01  -9.8768028288944498e-01  -9.0080584636140007e-03
  -4.1978000000000002e-10   1.1466180000000001e-09  -1.0000000000000000e+00
   9.1641059293665905e-01  -3.8809495951216999e-01  -9.7846448861103996e-02
   3.3701152568695297e-01  -6.4243196477996400e-01  -6.8826187035394304e-01
   2.6121928499283598e-01   5.8649451996078705e-01   7.6667376582468105e-01
   5.4964276924436095e-01  -3.0288837422025899e-01   7.7855729331860901e-01
  -3.2501735199346499e-01  -3.4292053459098099e-01  -8.8134512414773802e-01
  -9.5648561452165204e-01  -1.5752725227026901e-01  -2.4560218648317500e-01
   1.1989579695598100e-01  -1.6259499613898101e-01   9.7938136857041302e-01
  -5.8335021458762604e-01   7.1759686626012698e-01   3.8046979469363401e-01
  -7.5157418023150302e-01  -4.9360783439799200e-01   4.3759291291138303e-01
   2.0099066892389100e-01   6.7361984833010102e-01  -7.1122362934681704e-01
  -7.5343851442782805e-01  -6.5744000999734198e-01   1.0150774920311001e-02
  -7.3692555015378203e-01  -4.4931282898881297e-01  -5.0503338031917799e-01
   7.3634100175450995e-02  -9.0812629718779003e-01   4.1217065354940702e-01
   8.6042574870314803e-01  -3.9561508422006197e-01   3.2117944533574999e-01
  -4.1836748401169499e-01  -8.3181063296417601e-01   3.6477351769208799e-01
  -4.4228715587399903e-01  -2.4883944674500499e-01   8.6166176745433498e-01
   4.9838027520628297e-01   8.0610799871694705e-01  -3.1907208541310500e-01
  -6.5956329900835797e-01  -2.8911099084259002e-02  -7.5109280581759796e-01
  -6.3737667804144998e-02   9.1972172499774296e-01  -3.8736217971049403e-01
   7.9287598809267001e-01  -3.0192132344710298e-01  -5.2933088135307504e-01
  -8.0005715701220603e-01  -3.5143071054415997e-02   5.9889357157211998e-01
  -4.1370727670351098e-01   9.1027577374253099e-01   1.5630257195612000e-02
  -6.1819695089543103e-01   7.2590781544797900e-01  -3.0148030346133098e-01
   2.1788341516469201e-01  -6.2090846634981600e-01   7.5299368776324405e-01
  -3.0429599657983702e-01   3.0819477356784902e-01  -9.0134340182360395e-01
   9.8049067831449699e-01   1.2950441442287899e-01   1.4787371768967000e-01
   1.5622584356652700e-01   9.8768028262237095e-01  -9.0080586655230006e-03
