   3.9734447568551001e-01   3.5911790091740697e-01   8.4448309686037104e-01
  -5.0967746287610105e-01   1.6455145993034001e-01   8.4448309685332001e-01
   1.1233298725687500e-01  -5.2366936067503700e-01   8.4448309673086097e-01
  -3.6968127090398001e-01  -4.8353103481546600e-01   7.9343146919762597e-01
   6.0359079514611902e-01  -7.8387854663408002e-02   7.9343146916173202e-01
  -2.3390952415672800e-01   5.6191888972150295e-01   7.9343146892654004e-01
  -7.4429417486233695e-01  -4.0517337887901800e-01   5.3090556063555505e-01
   7.2303752662273901e-01  -4.4199097381094199e-01   5.3090556049539295e-01
   2.1256648467583000e-02   8.4716435301394799e-01   5.3090556022553104e-01
   8.6602540372760695e-01  -5.0000000009843604e-01   5.1307000000000002e-11
  -8.9359324196045398e-01   1.0725933840404500e-01   4.3587446845133299e-01
   5.3968593313461699e-01   7.2024477881946602e-01   4.3587446835059901e-01
   3.5390730922366997e-01  -8.2750411755110997e-01   4.3587446806852598e-01
   8.6877139182727003e-01   3.6479466543534400e-01   3.3490464435779699e-01
  -1.1846424795037200e-01  -9.3477542826178694e-01   3.3490464415344301e-01
  -7.5030714359944295e-01   5.6998076249339802e-01   3.3490464411693299e-01
  -4.8518961297524699e-01  -8.6419915459803198e-01   1.3323235587865900e-01
  -5.0582361567398104e-01   8.5228610766036095e-01   1.3323235536330100e-01
   9.9101322838607198e-01   1.1913046926903001e-02   1.3323235521724300e-01
  -6.1508999999999994e-11   3.0520000000000002e-11   1.0000000000000000e+00
   0.0000000000000000e+00   1.0000000000000000e+00   0.0000000000000000e+00
   6.1508999999999994e-11   3.0520000000000002e-11  -1.0000000000000000e+00
  -9.9101322838607098e-01   1.1913046926903001e-02  -1.3323235521724300e-01
   5.0582361567398104e-01   8.5228610766036095e-01  -1.3323235536330100e-01
   4.8518961297524599e-01  -8.6419915459803198e-01  -1.3323235587865800e-01
   7.5030714359944295e-01   5.6998076249339802e-01  -3.3490464411693299e-01
   1.1846424795037100e-01  -9.3477542826178806e-01  -3.3490464415344301e-01
  -8.6877139182727003e-01   3.6479466543534400e-01  -3.3490464435779799e-01
  -3.5390730922367097e-01  -8.2750411755110997e-01  -4.3587446806852598e-01
  -5.3968593313461599e-01   7.2024477881946602e-01  -4.3587446835059901e-01
   8.9359324196045398e-01   1.0725933840404600e-01  -4.3587446845133299e-01
  -8.6602540372760695e-01  -5.0000000009843504e-01  -5.1307000000000002e-11
  -2.1256648467583000e-02   8.4716435301394799e-01  -5.3090556022553104e-01
  -7.2303752662273901e-01  -4.4199097381094199e-01  -5.3090556049539295e-01
   7.4429417486233695e-01  -4.0517337887901800e-01  -5.3090556063555405e-01
   2.3390952415672800e-01   5.6191888972150195e-01  -7.9343146892654004e-01
  -6.0359079514611902e-01  -7.8387854663408002e-02  -7.9343146916173202e-01
   3.6968127090398001e-01  -4.8353103481546600e-01  -7.9343146919762597e-01
  -1.1233298725687400e-01  -5.2366936067503600e-01  -8.4448309673086197e-01
   5.0967746287610105e-01   1.6455145993033901e-01  -8.4448309685332101e-01
  -3.9734447568551001e-01   3.5911790091740697e-01  -8.4448309686037104e-01
