   3.2050742454943698e-01  -5.8564095791609405e-01  -7.4451303495627696e-01
  -5.8564095792897997e-01  -7.4451303494048304e-01   3.2050742456257902e-01
  -3.2050742455316800e-01   5.8564095792127402e-01  -7.4451303495059695e-01
  -7.4451303495004995e-01   3.2050742454835601e-01  -5.8564095792460202e-01
   5.8564095791580095e-01  -7.4451303495034005e-01  -3.2050742456376402e-01
  -7.4451303494284404e-01  -3.2050742454665998e-01   5.8564095793469095e-01
   5.8564095793091497e-01   7.4451303494322296e-01   3.2050742455267900e-01
   7.4451303494539500e-01  -3.2050742455183101e-01  -5.8564095792861803e-01
  -5.8564095792030102e-01   7.4451303494787602e-01  -3.2050742456126502e-01
   7.4451303495137100e-01   3.2050742455069903e-01   5.8564095792164095e-01
   3.2050742455746301e-01   5.8564095791875903e-01   7.4451303495072596e-01
  -3.2050742454530001e-01  -5.8564095792411197e-01   7.4451303495175103e-01
  -7.1947889325461400e-01   1.3009078531955900e-01   6.8222174528232205e-01
   1.3009078531284499e-01   6.8222174528629298e-01  -7.1947889325206205e-01
   7.1947889326081904e-01  -1.3009078531399501e-01   6.8222174527683799e-01
   6.8222174527409796e-01  -7.1947889326497505e-01   1.3009078530538301e-01
  -1.3009078531071400e-01   6.8222174527883594e-01   7.1947889325951797e-01
   6.8222174528462298e-01   7.1947889325303804e-01  -1.3009078531620799e-01
  -1.3009078531727200e-01  -6.8222174528105695e-01  -7.1947889325622605e-01
  -6.8222174527396495e-01   7.1947889326478498e-01   1.3009078530713100e-01
   1.3009078532140700e-01  -6.8222174528422297e-01   7.1947889325247605e-01
  -6.8222174528698198e-01  -7.1947889325307302e-01  -1.3009078530364199e-01
  -7.1947889326357395e-01  -1.3009078532012699e-01  -6.8222174527276302e-01
   7.1947889325406800e-01   1.3009078531497500e-01  -6.8222174528377100e-01
   9.3669512240117503e-01  -2.3415635161354301e-01   2.6033257704114299e-01
  -2.3415635161068499e-01   2.6033257704556800e-01   9.3669512240066000e-01
  -9.3669512239787101e-01   2.3415635161937001e-01   2.6033257704778900e-01
   2.6033257704984503e-01   9.3669512240201902e-01  -2.3415635160049200e-01
   2.3415635160261600e-01   2.6033257705242802e-01  -9.3669512240077002e-01
   2.6033257703998303e-01  -9.3669512240453201e-01   2.3415635160140100e-01
   2.3415635161833501e-01  -2.6033257704986401e-01   9.3669512239755304e-01
  -2.6033257705404700e-01  -9.3669512240023700e-01  -2.3415635160294801e-01
  -2.3415635161619200e-01  -2.6033257704838902e-01  -9.3669512239849895e-01
  -2.6033257703955898e-01   9.3669512240280195e-01   2.3415635160879600e-01
   9.3669512240215502e-01   2.3415635160038600e-01  -2.6033257704945201e-01
  -9.3669512240462205e-01  -2.3415635160660300e-01  -2.6033257703498203e-01
  -1.6128929862273400e-01  -9.4052396684408601e-01   2.9899904672364902e-01
  -9.4052396684368200e-01   2.9899904672810801e-01  -1.6128929861682501e-01
   1.6128929862468000e-01   9.4052396684167205e-01   2.9899904673019301e-01
   2.9899904671565802e-01  -1.6128929860955499e-01  -9.4052396684888695e-01
   9.4052396684832495e-01   2.9899904671635702e-01   1.6128929861153701e-01
   2.9899904672202199e-01   1.6128929861462901e-01   9.4052396684599404e-01
   9.4052396684139306e-01  -2.9899904673304400e-01  -1.6128929862102301e-01
  -2.9899904672817401e-01   1.6128929861361799e-01  -9.4052396684421102e-01
  -9.4052396684691297e-01  -2.9899904671162703e-01   1.6128929862853300e-01
  -2.9899904671281802e-01  -1.6128929861881000e-01   9.4052396684820305e-01
  -1.6128929861343899e-01   9.4052396684675099e-01  -2.9899904672028099e-01
   1.6128929860966301e-01  -9.4052396684439299e-01  -2.9899904672973499e-01
  -5.7735026919341303e-01  -5.7735026919309596e-01  -5.7735026918236898e-01
   5.7735026918934995e-01   5.7735026918990695e-01  -5.7735026918961996e-01
   5.7735026919506505e-01  -5.7735026919297106e-01   5.7735026918084098e-01
  -5.7735026918657295e-01   5.7735026919644294e-01   5.7735026918586196e-01
