  -4.5072192279280698e-01   8.8107446248064103e-01  -1.4337900780241500e-01
  -3.1598291177536000e-02   3.2561590414181402e-01   9.4497398427923296e-01
   1.7432671482887699e-01  -8.2369388307035596e-01  -5.3957259334537200e-01
  -4.7071876094794701e-01   2.6203666352226102e-01  -8.4247292838509102e-01
   9.3306830946475505e-01  -1.3775354666498499e-01   3.3227622583296901e-01
   8.8263543166454905e-01   4.2592925743941601e-01  -1.9884406560780801e-01
  -4.4717515872031099e-01  -6.7963159638717496e-01  -5.8149399877873698e-01
  -2.7276889667567999e-02   7.5398966541984502e-01   6.5631970542574303e-01
  -7.0000000000000001e-15   1.0000000000000000e+00   5.6000000000000001e-14
   8.6602594725580295e-01  -4.9999905833196800e-01   1.8623484855999999e-05
  -8.6602594725587301e-01  -4.9999905833184699e-01  -1.8623484986000000e-05
   4.5072192279279399e-01   8.8107446248064303e-01   1.4337900780244200e-01
   3.1598291177599998e-02   3.2561590414192598e-01  -9.4497398427919299e-01
  -1.7432671482892301e-01  -8.2369388307032898e-01   5.3957259334539898e-01
   4.7071876094801501e-01   2.6203666352221699e-01   8.4247292838506704e-01
  -9.3306830946466002e-01  -1.3775354666496800e-01  -3.3227622583324301e-01
  -8.8263543166458103e-01   4.2592925743935001e-01   1.9884406560780701e-01
   4.4717515872033498e-01  -6.7963159638705095e-01   5.8149399877886299e-01
   2.7276889667558001e-02   7.5398966541992796e-01  -6.5631970542564799e-01
   5.3753323675469700e-01  -8.3094938209293301e-01   1.4346129716195899e-01
   2.6619087715429401e-01  -1.9018899583173299e-01  -9.4497119680144004e-01
  -6.2632367477806605e-01   5.6268389529066298e-01   5.3954192459254302e-01
  -8.4126053944810000e-03  -5.3867839897082004e-01   8.4246947158500096e-01
   3.4730750483508699e-01   8.7688727249592802e-01  -3.3233448274273097e-01
   8.1011799213024505e-01   5.5146650535051100e-01   1.9898123605846799e-01
  -8.1214471703439906e-01  -4.7491701637737999e-02   5.8151998836554897e-01
   6.3932043188712495e-01  -4.0057230791682602e-01  -6.5636210395013495e-01
  -5.3753323675474196e-01  -8.3094938209293301e-01  -1.4346129716178799e-01
  -2.6619087715433298e-01  -1.9018899583170901e-01   9.4497119680143304e-01
   6.2632367477808004e-01   5.6268389529067198e-01  -5.3954192459251704e-01
   8.4126053945040007e-03  -5.3867839897081904e-01  -8.4246947158500096e-01
  -3.4730750483511802e-01   8.7688727249590803e-01   3.3233448274275101e-01
  -8.1011799213027302e-01   5.5146650535049302e-01  -1.9898123605840201e-01
   8.1214471703434699e-01  -4.7491701637748997e-02  -5.8151998836562002e-01
  -6.3932043188713905e-01  -4.0057230791678700e-01   6.5636210395014505e-01
   9.8839282004406503e-01  -5.0097210894613997e-02  -1.4342211386645201e-01
   2.9784036582904400e-01  -1.3546334543081101e-01   9.4495544790615105e-01
  -8.0049646933059704e-01   2.6097384981700400e-01  -5.3953503343243603e-01
   4.6225650722686001e-01   2.7666294675405201e-01  -8.4248236504973195e-01
  -5.8589982702589105e-01  -7.3916432705380997e-01   3.3220097877959398e-01
  -7.2315183158497998e-02  -9.7733379682083099e-01  -1.9897025877384800e-01
  -3.6493022629204103e-01   7.2707099163102096e-01  -5.8154423999135596e-01
   6.6659649143628297e-01  -3.5337386323867398e-01   6.5633530332034795e-01
  -9.8839282004407902e-01  -5.0097210894679001e-02   1.4342211386633100e-01
  -2.9784036582901102e-01  -1.3546334543075000e-01  -9.4495544790617003e-01
   8.0049646933061602e-01   2.6097384981699201e-01   5.3953503343241405e-01
  -4.6225650722688300e-01   2.7666294675404801e-01   8.4248236504971996e-01
   5.8589982702582899e-01  -7.3916432705387203e-01  -3.3220097877956301e-01
   7.2315183158512999e-02  -9.7733379682081400e-01   1.9897025877392499e-01
   3.6493022629197802e-01   7.2707099163101996e-01   5.8154423999139704e-01
  -6.6659649143608801e-01  -3.5337386323879499e-01  -6.5633530332048096e-01
