   6.0253904408428705e-01  -7.9424265649560499e-01   7.8264314708544003e-02
  -7.9424265649560299e-01   7.8264314708545002e-02   6.0253904408428904e-01
  -6.0253904408428804e-01   7.9424265649560399e-01   7.8264314708546001e-02
   7.8264314708541005e-02   6.0253904408429204e-01  -7.9424265649560200e-01
   7.9424265649560299e-01   7.8264314708543004e-02  -6.0253904408429004e-01
   7.8264314708541005e-02  -6.0253904408428904e-01   7.9424265649560399e-01
   7.9424265649560499e-01  -7.8264314708546001e-02   6.0253904408428605e-01
  -7.8264314708542004e-02  -6.0253904408428605e-01  -7.9424265649560599e-01
  -7.9424265649560499e-01  -7.8264314708543004e-02  -6.0253904408428804e-01
  -7.8264314708540006e-02   6.0253904408428904e-01   7.9424265649560399e-01
   6.0253904408429304e-01   7.9424265649560100e-01  -7.8264314708545002e-02
  -6.0253904408429004e-01  -7.9424265649560299e-01  -7.8264314708546001e-02
   3.5135854641336700e-01  -8.1795464482547997e-01  -4.5551879310376198e-01
  -8.1795464482547997e-01  -4.5551879310376098e-01   3.5135854641336900e-01
  -3.5135854641336800e-01   8.1795464482548197e-01  -4.5551879310375798e-01
  -4.5551879310376397e-01   3.5135854641337200e-01  -8.1795464482547697e-01
   8.1795464482547697e-01  -4.5551879310376497e-01  -3.5135854641337200e-01
  -4.5551879310376198e-01  -3.5135854641336800e-01   8.1795464482547997e-01
   8.1795464482548197e-01   4.5551879310375898e-01   3.5135854641336700e-01
   4.5551879310375998e-01  -3.5135854641336600e-01  -8.1795464482548197e-01
  -8.1795464482547997e-01   4.5551879310376298e-01  -3.5135854641336700e-01
   4.5551879310376397e-01   3.5135854641336700e-01   8.1795464482547897e-01
   3.5135854641337300e-01   8.1795464482547897e-01   4.5551879310376098e-01
  -3.5135854641337100e-01  -8.1795464482547997e-01   4.5551879310375998e-01
  -9.5986291905085996e-01   2.5322364097734901e-01   1.2058592074258200e-01
   2.5322364097734601e-01   1.2058592074258399e-01  -9.5986291905086096e-01
   9.5986291905085996e-01  -2.5322364097735400e-01   1.2058592074257800e-01
   1.2058592074258000e-01  -9.5986291905085996e-01   2.5322364097735001e-01
  -2.5322364097734801e-01   1.2058592074258200e-01   9.5986291905086096e-01
   1.2058592074258399e-01   9.5986291905086096e-01  -2.5322364097734701e-01
  -2.5322364097735101e-01  -1.2058592074257700e-01  -9.5986291905085996e-01
  -1.2058592074257800e-01   9.5986291905085996e-01   2.5322364097735101e-01
   2.5322364097735001e-01  -1.2058592074258200e-01   9.5986291905085996e-01
  -1.2058592074258100e-01  -9.5986291905085996e-01  -2.5322364097735001e-01
  -9.5986291905085996e-01  -2.5322364097735001e-01  -1.2058592074258100e-01
   9.5986291905086096e-01   2.5322364097734501e-01  -1.2058592074258299e-01
  -5.7735026918962395e-01  -5.7735026918962495e-01  -5.7735026918962895e-01
   5.7735026918962495e-01   5.7735026918962495e-01  -5.7735026918962695e-01
   5.7735026918962495e-01  -5.7735026918962595e-01   5.7735026918962695e-01
  -5.7735026918962395e-01   5.7735026918962595e-01   5.7735026918962795e-01
