  -2.2995299140425099e-01  -2.9382758956608002e-01   9.2778605796488600e-01
  -1.3948566073865201e-01   3.4605892729163601e-01   9.2778605793041702e-01
   3.6943865368997297e-01  -5.2231338025402002e-02   9.2778605749807297e-01
  -6.4638579325373402e-01  -3.6586454339512697e-01   6.6957340312023805e-01
   6.3449070592730000e-03   7.4271878936254399e-01   6.6957340305768298e-01
   6.4004088611855403e-01  -3.7685424626320002e-01   6.6957340237644702e-01
   6.2491810560492300e-01   4.7368943747862702e-01   6.2056077712689495e-01
   9.7768033824417996e-02  -7.7803967348531400e-01   6.2056077707584201e-01
  -7.2268613942986604e-01   3.0435023566711300e-01   6.2056077697944201e-01
  -5.2005162549294603e-01  -8.0871560776528295e-01   2.7481879953702998e-01
  -4.4034244983213799e-01   8.5473572193449698e-01   2.7481879943873100e-01
   9.6039407393871901e-01  -4.6020112116397997e-02   2.7481879852765800e-01
   6.7327876871834602e-01   6.9505318317963904e-01   2.5218400453827000e-01
   2.6529432645649698e-01  -9.3060310997719398e-01   2.5218400435152200e-01
  -9.3857309784233900e-01   2.3554992668061600e-01   2.5218400434482602e-01
   8.6602540320669996e-01  -5.0000000100067299e-01   1.1617750000000000e-09
   0.0000000000000000e+00   1.0000000000000000e+00   0.0000000000000000e+00
  -8.6602540320669996e-01  -5.0000000100067299e-01  -1.1617750000000000e-09
   9.3857309784233900e-01   2.3554992668061700e-01  -2.5218400434482602e-01
  -2.6529432645649698e-01  -9.3060310997719398e-01  -2.5218400435152200e-01
  -6.7327876871834702e-01   6.9505318317963904e-01  -2.5218400453827000e-01
  -9.6039407393871901e-01  -4.6020112116397997e-02  -2.7481879852765800e-01
   4.4034244983213799e-01   8.5473572193449698e-01  -2.7481879943873200e-01
   5.2005162549294603e-01  -8.0871560776528295e-01  -2.7481879953702998e-01
   7.2268613942986604e-01   3.0435023566711400e-01  -6.2056077697944201e-01
  -9.7768033824417996e-02  -7.7803967348531400e-01  -6.2056077707584201e-01
  -6.2491810560492300e-01   4.7368943747862702e-01  -6.2056077712689495e-01
  -6.4004088611855303e-01  -3.7685424626320102e-01  -6.6957340237644802e-01
  -6.3449070592740001e-03   7.4271878936254399e-01  -6.6957340305768298e-01
   6.4638579325373402e-01  -3.6586454339512697e-01  -6.6957340312023805e-01
  -3.6943865368997197e-01  -5.2231338025402002e-02  -9.2778605749807297e-01
   1.3948566073865301e-01   3.4605892729163601e-01  -9.2778605793041702e-01
   2.2995299140425099e-01  -2.9382758956608102e-01  -9.2778605796488600e-01
