  -3.1343455152402200e-01   6.6599681915798903e-01   6.7690990447944799e-01
  -9.0550529900530197e-01  -1.6479096116920000e-01   3.9102952905151600e-01
   0.0000000000000000e+00  -1.0000000000000000e+00   0.0000000000000000e+00
  -8.6602540370421299e-01   5.0000000013895496e-01   1.1818400000000001e-10
   8.6602540370421299e-01   5.0000000013895496e-01  -1.1818499999999999e-10
   6.4118000000000003e-11  -1.3082400000000000e-10   1.0000000000000000e+00
  -6.4118000000000003e-11  -1.3082400000000000e-10  -1.0000000000000000e+00
   3.1343455152402200e-01   6.6599681915798903e-01  -6.7690990447944799e-01
   9.0550529900530197e-01  -1.6479096116920000e-01  -3.9102952905151600e-01
   4.2005288864954698e-01  -6.0444069386164800e-01  -6.7690990415358898e-01
  -5.9546580815360695e-01  -7.0179511155069596e-01  -3.9102952922192102e-01
  -4.2005288864954798e-01  -6.0444069386164700e-01   6.7690990415358898e-01
   5.9546580815360695e-01  -7.0179511155069696e-01   3.9102952922192102e-01
   7.3348744030168000e-01  -6.1556125409926998e-02   6.7690990415579400e-01
   3.1003949076428100e-01   8.6658607282535005e-01   3.9102952900230298e-01
  -7.3348744030168000e-01  -6.1556125409926998e-02  -6.7690990415579499e-01
  -3.1003949076428100e-01   8.6658607282535005e-01  -3.9102952900230198e-01
