  -4.5259186993005501e-01   1.2288648977129900e-01   8.8320977683951496e-01
  -1.2288648977129900e-01   4.5259186993005401e-01   8.8320977683951496e-01
   4.5259186993005401e-01  -1.2288648977129900e-01   8.8320977683951496e-01
   1.2288648977129900e-01  -4.5259186993005401e-01   8.8320977683951496e-01
  -7.5448494165979396e-01  -3.7236049688451800e-01   5.4046288787347097e-01
  -3.7236049688451800e-01  -7.5448494165979396e-01   5.4046288787347097e-01
   7.5448494165979396e-01   3.7236049688451800e-01   5.4046288787347097e-01
   3.7236049688451800e-01   7.5448494165979396e-01   5.4046288787347097e-01
  -9.4127246123534303e-01   2.0552381081231200e-01   2.6789198739257603e-01
  -2.0552381081231200e-01   9.4127246123534303e-01   2.6789198739257603e-01
   9.4127246123534303e-01  -2.0552381081231200e-01   2.6789198739257603e-01
   2.0552381081231200e-01  -9.4127246123534303e-01   2.6789198739257603e-01
  -6.9083941210379296e-01   6.9083941210379296e-01   2.1326465569374600e-01
   6.9083941210379296e-01  -6.9083941210379296e-01   2.1326465569374600e-01
  -6.9083941210379296e-01  -6.9083941210379296e-01  -2.1326465569374600e-01
   6.9083941210379296e-01   6.9083941210379296e-01  -2.1326465569374600e-01
  -9.4127246123534303e-01  -2.0552381081231200e-01  -2.6789198739257603e-01
  -2.0552381081231200e-01  -9.4127246123534303e-01  -2.6789198739257603e-01
   9.4127246123534303e-01   2.0552381081231200e-01  -2.6789198739257603e-01
   2.0552381081231200e-01   9.4127246123534303e-01  -2.6789198739257603e-01
  -7.5448494165979396e-01   3.7236049688451800e-01  -5.4046288787347097e-01
  -3.7236049688451800e-01   7.5448494165979396e-01  -5.4046288787347097e-01
   7.5448494165979396e-01  -3.7236049688451800e-01  -5.4046288787347097e-01
   3.7236049688451800e-01  -7.5448494165979396e-01  -5.4046288787347097e-01
  -4.5259186993005401e-01  -1.2288648977129900e-01  -8.8320977683951496e-01
  -1.2288648977129900e-01  -4.5259186993005501e-01  -8.8320977683951496e-01
   4.5259186993005401e-01   1.2288648977129900e-01  -8.8320977683951496e-01
   1.2288648977129900e-01   4.5259186993005401e-01  -8.8320977683951496e-01
