   6.0333253767240103e-01   1.2430698173258700e-01   7.8774210454838201e-01
  -4.1504046485825702e-01  -4.5519642936642601e-01   7.8774210451282800e-01
   6.8217041496999004e-02   6.1221631187405201e-01   7.8774210419700896e-01
  -5.6117208750685099e-01   2.5406350712026798e-01   7.8774210408797696e-01
   3.0466297369374801e-01  -5.3539037235734499e-01   7.8774210351303797e-01
   7.1891236561812399e-01   5.4762279558567994e-01   4.2810545933949301e-01
  -9.0349692455756903e-01  -2.0470062795622999e-02   4.2810545878808698e-01
  -2.5972771824168600e-01  -8.6560223472915299e-01   4.2810545851327803e-01
  -2.9866409113996800e-01   8.5295104033915603e-01   4.2810545832526897e-01
   7.4297636838625702e-01  -5.1450153826906297e-01   4.2810545796373201e-01
   2.7276488515635400e-01   9.4704372745652798e-01   1.6943286490786699e-01
   3.3598690971142298e-01  -9.2650164650416500e-01   1.6943286436709801e-01
  -7.7732976415844901e-01  -6.0584729292849604e-01   1.6943286400395499e-01
  -8.1640312459546605e-01   5.5206742620867499e-01   1.6943286301685800e-01
   9.8498109356707797e-01   3.3237786630071001e-02   1.6943286238311900e-01
  -5.4751000000000000e-11  -2.6224899999999999e-10   1.0000000000000000e+00
  -4.5530539016311899e-01   8.5394305021032002e-01  -2.5194894063263201e-01
  -1.3358533224571500e-01  -9.5847623349558797e-01  -2.5194894092437398e-01
   6.7145099826596100e-01   6.9690407355300499e-01  -2.5194894163872200e-01
   8.7028492934740898e-01  -4.2323264578008102e-01  -2.5194894184490602e-01
  -9.5284520507283899e-01  -1.6913824346224701e-01  -2.5194894278048602e-01
  -5.7364235935140595e-01  -6.7470054387686595e-01  -4.6444980315424100e-01
   6.7507388278098004e-02   8.8302272480921395e-01  -4.6444980352927301e-01
   4.6441311064588597e-01  -7.5406023788723098e-01  -4.6444980385146500e-01
   8.6066544578068305e-01   2.0866568770074501e-01  -4.6444980483956799e-01
  -8.1894358557039704e-01   3.3707236961210901e-01  -4.6444980492748600e-01
  -2.0390979488469099e-01   4.5107141470387202e-01  -8.6888168031506496e-01
  -1.0016663595003300e-01  -4.8477961019163601e-01  -8.6888168042887104e-01
   4.3009961403280900e-01  -2.4506926956239400e-01  -8.6888168073966399e-01
   3.6598281476135403e-01   3.3331847094310701e-01  -8.6888168137411304e-01
  -4.9200599806338502e-01  -5.4541007010829000e-02  -8.6888168148712697e-01
