   7.7448728095114994e-02   4.1585178094371300e-01   9.0612857299744798e-01
   3.2141384480387503e-01  -2.7499845564470499e-01   9.0612857242304101e-01
  -3.9886257518168200e-01  -1.4085332659739000e-01   9.0612857062664398e-01
  -1.7875568749104601e-01  -5.1522223497456998e-01   8.3820788160062798e-01
  -3.5681769866552299e-01   4.1241808842674799e-01   8.3820788009745395e-01
   5.3557339442060603e-01   1.0280415100515800e-01   8.3820787739372804e-01
  -8.3894411637064203e-01   2.4493670198203399e-01   4.8598228530394699e-01
   6.3159346544026196e-01   6.0407856840839802e-01   4.8598228116138298e-01
   2.0735064893431801e-01  -8.4901527215389105e-01   4.8598227954933898e-01
   6.0303989994283302e-01  -6.5093203373909003e-01   4.6111860353842898e-01
   2.6220372594322899e-01   8.4771389218063498e-01   4.6111859982595199e-01
  -8.6524363160575801e-01  -1.9678185792371700e-01   4.6111859467795302e-01
  -5.4682622077307297e-01  -7.2475206181637697e-01   4.1918436655957297e-01
  -3.5424058867567598e-01   8.3594143078917105e-01   4.1918436233340600e-01
   9.0106681032547598e-01  -1.1118936731860000e-01   4.1918436030601303e-01
   8.6602540136357598e-01  -5.0000000419305801e-01   2.8650170000000000e-09
  -6.9742124798042104e-01   7.0364980343132999e-01   1.3594321239577500e-01
  -2.6066798476808001e-01  -9.5580941877872205e-01   1.3594321127158501e-01
   9.5808922943932195e-01   2.5215961597293202e-01   1.3594321058717701e-01
  -1.0000000000000001e-15   1.0000000000000000e+00   0.0000000000000000e+00
  -9.5808922943932195e-01   2.5215961597293202e-01  -1.3594321058717601e-01
   2.6066798476808001e-01  -9.5580941877872205e-01  -1.3594321127158401e-01
   6.9742124798042204e-01   7.0364980343132899e-01  -1.3594321239577500e-01
  -8.6602540136357598e-01  -5.0000000419305801e-01  -2.8650190000000002e-09
  -9.0106681032547598e-01  -1.1118936731860000e-01  -4.1918436030601403e-01
   3.5424058867567698e-01   8.3594143078917105e-01  -4.1918436233340500e-01
   5.4682622077307097e-01  -7.2475206181637697e-01  -4.1918436655957497e-01
   8.6524363160575801e-01  -1.9678185792371700e-01  -4.6111859467795302e-01
  -2.6220372594322999e-01   8.4771389218063398e-01  -4.6111859982595399e-01
  -6.0303989994283103e-01  -6.5093203373909103e-01  -4.6111860353842998e-01
  -2.0735064893431801e-01  -8.4901527215389205e-01  -4.8598227954933798e-01
  -6.3159346544026296e-01   6.0407856840839802e-01  -4.8598228116138198e-01
   8.3894411637064303e-01   2.4493670198203399e-01  -4.8598228530394599e-01
  -5.3557339442060503e-01   1.0280415100515899e-01  -8.3820787739372804e-01
   3.5681769866552399e-01   4.1241808842674799e-01  -8.3820788009745295e-01
   1.7875568749104601e-01  -5.1522223497456998e-01  -8.3820788160062798e-01
   3.9886257518168300e-01  -1.4085332659739000e-01  -9.0612857062664398e-01
  -3.2141384480387603e-01  -2.7499845564470499e-01  -9.0612857242304101e-01
  -7.7448728095114994e-02   4.1585178094371300e-01  -9.0612857299744798e-01
