  -4.4549342999999998e-08  -8.5035980000000001e-08   9.9999999999999500e-01
  -5.1771909118555204e-01   4.3310901922512003e-02   8.5445369002460603e-01
   5.1771904513655398e-01  -4.3311604256517998e-02   8.5445368232550900e-01
   4.3311162120726998e-02   5.1771940781983805e-01   8.5445348498465901e-01
  -4.3312072161890001e-02  -5.1771959743079998e-01   8.5445332396868401e-01
   4.5714304266558298e-01  -5.6969736744555199e-01   6.8298253862603298e-01
   5.6969655480468395e-01   4.5714416391105200e-01   6.8298246598704104e-01
  -4.5714427290397702e-01   5.6969668705221999e-01   6.8298228272248696e-01
  -5.6969729679775005e-01  -4.5714470328648599e-01   6.8298148604369002e-01
   8.8758568194194398e-01  -7.4473060759948001e-02   4.5458268822371500e-01
  -8.8758581569050898e-01   7.4472224304095003e-02   4.5458256410933201e-01
   7.4472599056092006e-02   8.8758610875720700e-01   4.5458193049335999e-01
  -7.4474792860721006e-02  -8.8758620423457302e-01   4.5458138466155301e-01
   7.2716627146633095e-01  -6.2552270254568698e-01   2.8275530453325598e-01
  -7.2716698820511705e-01   6.2552212425932596e-01   2.8275474059120398e-01
   6.2552236987027499e-01   7.2716679046701305e-01   2.8275470576769901e-01
  -6.2552434136284896e-01  -7.2716582073354996e-01   2.8275283821648500e-01
   2.4291620449982801e-01  -9.6132305007329000e-01   1.2980643662463301e-01
   9.6132283280970998e-01   2.4291720010574799e-01   1.2980618248565101e-01
  -2.4291747576735301e-01   9.6132284572721904e-01   1.2980557095032000e-01
  -9.6132350413044598e-01  -2.4291563222842200e-01   1.2980414486997999e-01
   9.1869118775583802e-01  -3.7303785775816001e-01  -1.2980469259225699e-01
   3.7303790546320498e-01   9.1869105335138601e-01  -1.2980550673891400e-01
  -9.1869075073927697e-01   3.7303860645248499e-01  -1.2980563393817801e-01
  -3.7303933928259603e-01  -9.1869033056623695e-01  -1.2980650165420701e-01
   5.1938009034232502e-01  -8.0640870132898901e-01  -2.8275312231148197e-01
   8.0640875848445304e-01   5.1937958077203095e-01  -2.8275389531646200e-01
  -5.1937931598833598e-01   8.0640874445166899e-01  -2.8275442170790299e-01
  -8.0640907132815298e-01  -5.1937786767687699e-01  -2.8275614979534502e-01
  -4.8515418554945997e-02  -8.8938309523812598e-01  -4.5458108634993699e-01
   8.8938279659195096e-01  -4.8516249148895997e-02  -4.5458158200129800e-01
   4.8516641509145003e-02   8.8938244463878002e-01  -4.5458222871667597e-01
  -8.8938164528876096e-01   4.8517786600459002e-02  -4.5458367041376402e-01
   5.0128648042320900e-01  -5.3127051431473105e-01  -6.8298133588310606e-01
   5.3127060531749803e-01   5.0128560173097303e-01  -6.8298191002602404e-01
  -5.0128461730335505e-01   5.3127062599768904e-01  -6.8298261647501202e-01
  -5.3126902647639795e-01  -5.0128591122716204e-01  -6.8298291099556396e-01
  -2.8424764932754001e-02  -5.1875049134395801e-01  -8.5445301829235798e-01
   5.1875019682406398e-01  -2.8426252905571998e-02  -8.5445314759835900e-01
   2.8426739588137000e-02   5.1874911113081501e-01  -8.5445379054538595e-01
  -5.1874844435678402e-01   2.8425852461864000e-02  -8.5445422486475797e-01
   9.2319581399999996e-07  -7.6237360799999998e-07  -9.9999999999928302e-01
