   1.6707130001248199e-01  -3.2575266126788799e-01   9.3057637214203304e-01
  -1.6707130001242401e-01   3.2575266126795199e-01   9.3057637214202105e-01
  -5.5145827159884298e-01  -1.8157559961635700e-01   8.1420149613543302e-01
   5.5145827159886396e-01   1.8157559961646000e-01   8.1420149613539505e-01
   9.4752105096041997e-02  -7.6459178280012896e-01   6.3751191695088205e-01
  -9.4752105096002001e-02   7.6459178280018503e-01   6.3751191695082199e-01
   8.1670465972237505e-01  -3.1918891395364102e-01   4.8074102799413199e-01
  -8.1670465972236495e-01   3.1918891395367999e-01   4.8074102799412399e-01
  -6.6553913071674198e-01  -5.8830905746258599e-01   4.5929306373195700e-01
   6.6553913071681603e-01   5.8830905746260298e-01   4.5929306373182799e-01
  -1.5592636619101499e-01  -9.8027575624440899e-01   1.2143479750844401e-01
   1.5592636619099201e-01   9.8027575624441499e-01   1.2143479750842601e-01
  -5.6790600047201401e-01   8.1411572067442195e-01   1.2123682600038400e-01
   5.6790600047189499e-01  -8.1411572067450499e-01   1.2123682600038301e-01
   5.0000000000000002e-14   1.1000000000000000e-14  -1.0000000000000000e+00
   9.8092217942349302e-01  -1.9407258402899699e-01  -1.1292034509839999e-02
  -9.8092217942353799e-01   1.9407258402877001e-01  -1.1292034509863999e-02
   3.0525622440032701e-01   8.5177573630444703e-01  -4.2578954015789799e-01
  -3.0525622440039302e-01  -8.5177573630440795e-01  -4.2578954015792903e-01
  -4.3771443377205699e-01   7.8393842366721800e-01  -4.4028016349338900e-01
   4.3771443377196301e-01  -7.8393842366723998e-01  -4.4028016349344301e-01
   8.2639755668230797e-01   1.2962283776940600e-01  -5.4796441329535195e-01
  -8.2639755668229398e-01  -1.2962283776938199e-01  -5.4796441329537704e-01
  -8.5115773387952398e-01  -5.2115504576052896e-01  -6.2673202689936994e-02
   8.5115773387957405e-01   5.2115504576043803e-01  -6.2673202690012003e-02
   5.5155152704224197e-01  -3.7289154598823598e-01  -7.4615200056548403e-01
  -5.5155152704220001e-01   3.7289154598824398e-01  -7.4615200056551101e-01
   2.7742048909373002e-01   4.8242706982735900e-01  -8.3084414575104504e-01
  -2.7742048909374101e-01  -4.8242706982730099e-01  -8.3084414575107601e-01
