   5.0747544641081699e-01  -3.0620001323957102e-01   8.0542549201166302e-01
  -3.0620001323956902e-01   8.0542549201166302e-01   5.0747544641081699e-01
  -5.0747544641081699e-01   3.0620001323957002e-01   8.0542549201166302e-01
   8.0542549201166302e-01   5.0747544641081699e-01  -3.0620001323956902e-01
   3.0620001323956902e-01   8.0542549201166402e-01  -5.0747544641081699e-01
   8.0542549201166302e-01  -5.0747544641081699e-01   3.0620001323956902e-01
   3.0620001323956902e-01  -8.0542549201166302e-01   5.0747544641081599e-01
  -8.0542549201166302e-01  -5.0747544641081699e-01  -3.0620001323956902e-01
  -3.0620001323957002e-01  -8.0542549201166402e-01  -5.0747544641081599e-01
  -8.0542549201166302e-01   5.0747544641081799e-01   3.0620001323956902e-01
   5.0747544641081699e-01   3.0620001323957002e-01  -8.0542549201166302e-01
  -5.0747544641081699e-01  -3.0620001323957002e-01  -8.0542549201166302e-01
   6.2636367026527096e-01  -2.4352777540919399e-01  -7.4051520928072001e-01
  -2.4352777540919501e-01  -7.4051520928072001e-01   6.2636367026527096e-01
  -6.2636367026527096e-01   2.4352777540919399e-01  -7.4051520928072001e-01
  -7.4051520928072001e-01   6.2636367026526996e-01  -2.4352777540919501e-01
   2.4352777540919501e-01  -7.4051520928071901e-01  -6.2636367026527096e-01
  -7.4051520928072001e-01  -6.2636367026526996e-01   2.4352777540919501e-01
   2.4352777540919501e-01   7.4051520928071901e-01   6.2636367026527096e-01
   7.4051520928072001e-01  -6.2636367026526996e-01  -2.4352777540919501e-01
  -2.4352777540919501e-01   7.4051520928072001e-01  -6.2636367026527096e-01
   7.4051520928072001e-01   6.2636367026526996e-01   2.4352777540919501e-01
   6.2636367026527096e-01   2.4352777540919399e-01   7.4051520928072001e-01
  -6.2636367026527096e-01  -2.4352777540919399e-01   7.4051520928072001e-01
  -2.8624872342603502e-01   9.5712032709245798e-01  -4.4523564585420998e-02
   9.5712032709245798e-01  -4.4523564585419999e-02  -2.8624872342603502e-01
   2.8624872342603502e-01  -9.5712032709245798e-01  -4.4523564585420998e-02
  -4.4523564585419999e-02  -2.8624872342603502e-01   9.5712032709245798e-01
  -9.5712032709245798e-01  -4.4523564585419000e-02   2.8624872342603502e-01
  -4.4523564585420998e-02   2.8624872342603402e-01  -9.5712032709245798e-01
  -9.5712032709245798e-01   4.4523564585419999e-02  -2.8624872342603402e-01
   4.4523564585420998e-02   2.8624872342603402e-01   9.5712032709245798e-01
   9.5712032709245798e-01   4.4523564585419999e-02   2.8624872342603402e-01
   4.4523564585420998e-02  -2.8624872342603402e-01  -9.5712032709245798e-01
  -2.8624872342603402e-01  -9.5712032709245798e-01   4.4523564585420998e-02
   2.8624872342603502e-01   9.5712032709245798e-01   4.4523564585420998e-02
