   1.0000000000000000e+00   0.0000000000000000e+00   0.0000000000000000e+00
  -1.0000000000000000e+00   0.0000000000000000e+00   0.0000000000000000e+00
   0.0000000000000000e+00   1.0000000000000000e+00   0.0000000000000000e+00
   0.0000000000000000e+00  -1.0000000000000000e+00   0.0000000000000000e+00
   0.0000000000000000e+00   0.0000000000000000e+00  -1.0000000000000000e+00
   0.0000000000000000e+00   0.0000000000000000e+00   1.0000000000000000e+00
   7.9795699745254944e-01   2.4915035496688634e-01   5.4880664248566313e-01
   7.9795699745254944e-01  -2.4915035496688634e-01  -5.4880664248566313e-01
   7.9795699745254944e-01   5.4880664248566313e-01  -2.4915035496688634e-01
   7.9795699745254944e-01  -5.4880664248566313e-01   2.4915035496688634e-01
  -7.9795699745254944e-01   2.4915035496688634e-01  -5.4880664248566313e-01
  -7.9795699745254944e-01  -2.4915035496688634e-01   5.4880664248566313e-01
  -7.9795699745254944e-01   5.4880664248566313e-01   2.4915035496688634e-01
  -7.9795699745254944e-01  -5.4880664248566313e-01  -2.4915035496688634e-01
   5.4880664248566313e-01   7.9795699745254944e-01   2.4915035496688634e-01
  -5.4880664248566313e-01   7.9795699745254944e-01  -2.4915035496688634e-01
  -2.4915035496688634e-01   7.9795699745254944e-01   5.4880664248566313e-01
   2.4915035496688634e-01   7.9795699745254944e-01  -5.4880664248566313e-01
  -5.4880664248566313e-01  -7.9795699745254944e-01   2.4915035496688634e-01
   5.4880664248566313e-01  -7.9795699745254944e-01  -2.4915035496688634e-01
   2.4915035496688634e-01  -7.9795699745254944e-01   5.4880664248566313e-01
  -2.4915035496688634e-01  -7.9795699745254944e-01  -5.4880664248566313e-01
   2.4915035496688634e-01   5.4880664248566313e-01   7.9795699745254944e-01
  -2.4915035496688634e-01  -5.4880664248566313e-01   7.9795699745254944e-01
   5.4880664248566313e-01  -2.4915035496688634e-01   7.9795699745254944e-01
  -5.4880664248566313e-01   2.4915035496688634e-01   7.9795699745254944e-01
   2.4915035496688634e-01  -5.4880664248566313e-01  -7.9795699745254944e-01
  -2.4915035496688634e-01   5.4880664248566313e-01  -7.9795699745254944e-01
   5.4880664248566313e-01   2.4915035496688634e-01  -7.9795699745254944e-01
  -5.4880664248566313e-01  -2.4915035496688634e-01  -7.9795699745254944e-01
