   9.3336469319930992e-01   3.5354218892147199e-01  -6.1953774231859708e-02
   9.3336469319930992e-01  -3.5354218892147199e-01   6.1953774231859708e-02
   9.3336469319930992e-01  -6.1953774231859708e-02  -3.5354218892147199e-01
   9.3336469319930992e-01   6.1953774231859708e-02   3.5354218892147199e-01
  -9.3336469319930992e-01   3.5354218892147199e-01   6.1953774231859708e-02
  -9.3336469319930992e-01  -3.5354218892147199e-01  -6.1953774231859708e-02
  -9.3336469319930992e-01  -6.1953774231859708e-02   3.5354218892147199e-01
  -9.3336469319930992e-01   6.1953774231859708e-02  -3.5354218892147199e-01
  -6.1953774231859708e-02   9.3336469319930992e-01   3.5354218892147199e-01
   6.1953774231859708e-02   9.3336469319930992e-01  -3.5354218892147199e-01
  -3.5354218892147199e-01   9.3336469319930992e-01  -6.1953774231859708e-02
   3.5354218892147199e-01   9.3336469319930992e-01   6.1953774231859708e-02
   6.1953774231859708e-02  -9.3336469319930992e-01   3.5354218892147199e-01
  -6.1953774231859708e-02  -9.3336469319930992e-01  -3.5354218892147199e-01
   3.5354218892147199e-01  -9.3336469319930992e-01  -6.1953774231859708e-02
  -3.5354218892147199e-01  -9.3336469319930992e-01   6.1953774231859708e-02
   3.5354218892147199e-01  -6.1953774231859708e-02   9.3336469319930992e-01
  -3.5354218892147199e-01   6.1953774231859708e-02   9.3336469319930992e-01
  -6.1953774231859708e-02  -3.5354218892147199e-01   9.3336469319930992e-01
   6.1953774231859708e-02   3.5354218892147199e-01   9.3336469319930992e-01
   3.5354218892147199e-01   6.1953774231859708e-02  -9.3336469319930992e-01
  -3.5354218892147199e-01  -6.1953774231859708e-02  -9.3336469319930992e-01
  -6.1953774231859708e-02   3.5354218892147199e-01  -9.3336469319930992e-01
   6.1953774231859708e-02  -3.5354218892147199e-01  -9.3336469319930992e-01
   7.0684169771255034e-01   6.3974009861979197e-01   3.0184005796576852e-01
   7.0684169771255034e-01  -6.3974009861979197e-01  -3.0184005796576852e-01
   7.0684169771255034e-01   3.0184005796576852e-01  -6.3974009861979197e-01
   7.0684169771255034e-01  -3.0184005796576852e-01   6.3974009861979197e-01
  -7.0684169771255034e-01   6.3974009861979197e-01  -3.0184005796576852e-01
  -7.0684169771255034e-01  -6.3974009861979197e-01   3.0184005796576852e-01
  -7.0684169771255034e-01   3.0184005796576852e-01   6.3974009861979197e-01
  -7.0684169771255034e-01  -3.0184005796576852e-01  -6.3974009861979197e-01
   3.0184005796576852e-01   7.0684169771255034e-01   6.3974009861979197e-01
  -3.0184005796576852e-01   7.0684169771255034e-01  -6.3974009861979197e-01
  -6.3974009861979197e-01   7.0684169771255034e-01   3.0184005796576852e-01
   6.3974009861979197e-01   7.0684169771255034e-01  -3.0184005796576852e-01
  -3.0184005796576852e-01  -7.0684169771255034e-01   6.3974009861979197e-01
   3.0184005796576852e-01  -7.0684169771255034e-01  -6.3974009861979197e-01
   6.3974009861979197e-01  -7.0684169771255034e-01   3.0184005796576852e-01
  -6.3974009861979197e-01  -7.0684169771255034e-01  -3.0184005796576852e-01
   6.3974009861979197e-01   3.0184005796576852e-01   7.0684169771255034e-01
  -6.3974009861979197e-01  -3.0184005796576852e-01   7.0684169771255034e-01
   3.0184005796576852e-01  -6.3974009861979197e-01   7.0684169771255034e-01
  -3.0184005796576852e-01   6.3974009861979197e-01   7.0684169771255034e-01
   6.3974009861979197e-01  -3.0184005796576852e-01  -7.0684169771255034e-01
  -6.3974009861979197e-01   3.0184005796576852e-01  -7.0684169771255034e-01
   3.0184005796576852e-01   6.3974009861979197e-01  -7.0684169771255034e-01
  -3.0184005796576852e-01  -6.3974009861979197e-01  -7.0684169771255034e-01
