   9.4833698830000007e-06  -2.1916444102700001e-04   9.9999997593850698e-01
  -3.2474882279095701e-01   3.6209715020119498e-01   8.7374129804654499e-01
   4.7603121315244601e-01   1.0039987565082500e-01   8.7367851585918599e-01
  -1.5097685850286499e-01  -4.6248839486430698e-01   8.7367641195836498e-01
  -5.9489395337730400e-01  -2.3083338412070000e-03   8.0380088070989297e-01
   2.9556215536362701e-01   5.1636162167117705e-01   8.0374976701826695e-01
   2.9992552686368301e-01  -5.1397867855656099e-01   8.0366074703496204e-01
  -1.3000000000000000e-14   1.0000000000000000e+00   8.0000000000000006e-15
  -2.2172650979903599e-01   7.6117447023580997e-01   6.0946762072613203e-01
  -5.4806340746789395e-01  -5.7294681110610401e-01   6.0939187148995200e-01
   7.7048964875546599e-01  -1.8792644166856901e-01   6.0912178887515400e-01
  -8.5746743289457095e-01  -1.9322754494289099e-01   4.7687809490533101e-01
   5.9622057902355596e-01  -6.4596400068224002e-01   4.7670906323606899e-01
   2.6183688532329502e-01   8.3925686030939095e-01   4.7653894689502502e-01
  -1.1659382242511600e-01  -8.8546537693024396e-01   4.4984102395188602e-01
  -7.0829197638133901e-01   5.4403649911033802e-01   4.4982970536591299e-01
   8.2544394007919797e-01   3.4149950814358698e-01   4.4946678155812397e-01
  -8.6592615244962401e-01  -5.0017186762452504e-01   3.6616740119999999e-05
  -9.2960055122438501e-01   2.8985102126192203e-01   2.2766027461272201e-01
   2.1396248771492701e-01  -9.5001094357259497e-01   2.2737471482807300e-01
   7.1584583061706097e-01   6.6021836345974405e-01   2.2732456826904601e-01
  -4.3493785448063299e-01   8.9153023565580103e-01   1.2650257567059900e-01
  -5.5441143418260497e-01  -8.2259320104242695e-01   1.2636608424083001e-01
   9.8965120387941496e-01  -6.9124846427260994e-02   1.2574677040160001e-01
  -9.8965120387941596e-01  -6.9124846427261993e-02  -1.2574677040159099e-01
   5.5441143418261796e-01  -8.2259320104240496e-01  -1.2636608424091500e-01
   4.3493785448060002e-01   8.9153023565581901e-01  -1.2650257567058701e-01
  -7.1584583061709295e-01   6.6021836345971796e-01  -2.2732456826902100e-01
  -2.1396248771487900e-01  -9.5001094357260096e-01  -2.2737471482809299e-01
   9.2960055122437002e-01   2.8985102126198697e-01  -2.2766027461270200e-01
   8.6592615244961801e-01  -5.0017186762453503e-01  -3.6616740087000002e-05
  -8.2544394007919097e-01   3.4149950814357799e-01  -4.4946678155814301e-01
   7.0829197638130204e-01   5.4403649911038199e-01  -4.4982970536591799e-01
   1.1659382242515400e-01  -8.8546537693021998e-01  -4.4984102395192299e-01
  -2.6183688532332899e-01   8.3925686030939295e-01  -4.7653894689500298e-01
  -5.9622057902355596e-01  -6.4596400068223303e-01  -4.7670906323607898e-01
   8.5746743289462002e-01  -1.9322754494280300e-01  -4.7687809490527899e-01
  -7.7048964875547199e-01  -1.8792644166858999e-01  -6.0912178887514001e-01
   5.4806340746797799e-01  -5.7294681110599799e-01  -6.0939187148997698e-01
   2.2172650979900199e-01   7.6117447023582196e-01  -6.0946762072612903e-01
  -2.9992552686367002e-01  -5.1397867855657098e-01  -8.0366074703496104e-01
  -2.9556215536362601e-01   5.1636162167118704e-01  -8.0374976701826195e-01
   5.9489395337729500e-01  -2.3083338411549999e-03  -8.0380088070989897e-01
   1.5097685850289899e-01  -4.6248839486430898e-01  -8.7367641195835799e-01
  -4.7603121315245300e-01   1.0039987565081999e-01  -8.7367851585918299e-01
   3.2474882279093398e-01   3.6209715020119199e-01  -8.7374129804655498e-01
  -9.4833699169999997e-06  -2.1916444104699999e-04  -9.9999997593850698e-01
