   1.5613497680757399e-01   9.6652157310386599e-01  -2.0361217483767199e-01
   3.3695514478861499e-01  -8.9499295622698305e-01   2.9231633328394402e-01
   4.0297926287874503e-01  -2.4967024391902001e-02   9.1486849403765003e-01
   6.9962201481108199e-01   4.8446459729377500e-01  -5.2518862360171403e-01
   4.4585907191279001e-01   4.0758997600489399e-01   7.9691912980765800e-01
  -9.2088912974907799e-01  -2.3304751946754801e-01   3.1249330293625399e-01
  -9.7148802866545403e-01   7.6453514137968998e-02  -2.2442341752959999e-01
   2.6861448018733097e-01   7.2707063675208905e-01  -6.3183427432088701e-01
  -5.0024724971665202e-01  -4.7679666665003401e-01  -7.2278463446751695e-01
  -5.9999999999999997e-15  -1.0000000000000000e+00  -2.9999999999999998e-15
  -8.6602539609297302e-01   5.0000001332200905e-01  -7.8171640000000008e-09
   8.6602539609297102e-01   5.0000001332201305e-01   7.8171740000000007e-09
   3.1015758999999997e-08   1.3970262000000000e-08   9.9999999999999900e-01
  -3.1015766000000003e-08   1.3970243000000000e-08  -9.9999999999999900e-01
  -1.5613497680758601e-01   9.6652157310386799e-01   2.0361217483765401e-01
  -3.3695514478862298e-01  -8.9499295622698005e-01  -2.9231633328394502e-01
  -4.0297926287875002e-01  -2.4967024391900999e-02  -9.1486849403764803e-01
  -6.9962201481107500e-01   4.8446459729377300e-01   5.2518862360172502e-01
  -4.4585907191278701e-01   4.0758997600490199e-01  -7.9691912980765600e-01
   9.2088912974907899e-01  -2.3304751946754601e-01  -3.1249330293624999e-01
   9.7148802866545503e-01   7.6453514137955994e-02   2.2442341752960199e-01
  -2.6861448018731199e-01   7.2707063675209405e-01   6.3183427432088901e-01
   5.0024724971665702e-01  -4.7679666665003101e-01   7.2278463446751495e-01
   9.1509973006285406e-01  -3.4804391495777498e-01   2.0361217375136800e-01
  -6.0660905255528996e-01   7.3930820095116301e-01  -2.9231633783339800e-01
   1.7986756539148399e-01   3.6147374939926502e-01  -9.1486850826519195e-01
   7.6936966084173297e-01   3.6365813605118702e-01   5.2518861855532695e-01
   5.7591280932660205e-01   1.8233028318216901e-01  -7.9691913259015901e-01
  -6.6226967401768200e-01  -6.8098959814042503e-01  -3.1249327368929902e-01
  -4.1953336459769802e-01  -8.7956006042784196e-01   2.2442338579013299e-01
   7.6396887016062698e-01  -1.3090838357186699e-01   6.3183428249509899e-01
  -6.6304161505047399e-01  -1.9482855103761301e-01   7.2278465147777105e-01
  -9.1509973006285805e-01  -3.4804391495776099e-01  -2.0361217375137100e-01
   6.0660905255528097e-01   7.3930820095116601e-01   2.9231633783340899e-01
  -1.7986756539149201e-01   3.6147374939927701e-01   9.1486850826518595e-01
  -7.6936966084172698e-01   3.6365813605118802e-01  -5.2518861855533505e-01
  -5.7591280932660804e-01   1.8233028318215699e-01   7.9691913259015701e-01
   6.6226967401767600e-01  -6.8098959814043003e-01   3.1249327368930002e-01
   4.1953336459769303e-01  -8.7956006042784396e-01  -2.2442338579013199e-01
  -7.6396887016062698e-01  -1.3090838357186799e-01  -6.3183428249509899e-01
   6.6304161505048798e-01  -1.9482855103759400e-01  -7.2278465147776305e-01
   7.5896476682712499e-01  -6.1847761422210501e-01  -2.0361218878343301e-01
  -9.4356420953206799e-01   1.5568478125042001e-01   2.9231632075054198e-01
  -2.2311167455060199e-01  -3.3650673311115897e-01   9.1486851473317299e-01
   6.9747650715582005e-02  -8.4812275529137604e-01  -5.2518859200921597e-01
   1.3005370722075801e-01  -5.8992026571087597e-01   7.9691913852143603e-01
   2.5861945859226498e-01   9.1403715130757601e-01   3.1249329859530600e-01
   5.5195469472921599e-01   8.0310656304291606e-01  -2.2442340199670199e-01
   4.9535438826805900e-01  -5.9616229355151895e-01  -6.3183427397615100e-01
  -1.6279434425338901e-01   6.7162514698945597e-01  -7.2278465908630196e-01
  -7.5896476682712999e-01  -6.1847761422210101e-01   2.0361218878342699e-01
   9.4356420953206999e-01   1.5568478125042601e-01  -2.9231632075053199e-01
   2.2311167455062000e-01  -3.3650673311115997e-01  -9.1486851473316799e-01
  -6.9747650715580006e-02  -8.4812275529137704e-01   5.2518859200921297e-01
  -1.3005370722075499e-01  -5.8992026571087797e-01  -7.9691913852143503e-01
  -2.5861945859228003e-01   9.1403715130756702e-01  -3.1249329859532099e-01
  -5.5195469472921899e-01   8.0310656304290895e-01   2.2442340199671801e-01
  -4.9535438826805300e-01  -5.9616229355152695e-01   6.3183427397614800e-01
   1.6279434425340600e-01   6.7162514698945797e-01   7.2278465908629597e-01
