   5.7735026918962584e-01   5.7735026918962584e-01   5.7735026918962584e-01
   5.7735026918962584e-01  -5.7735026918962584e-01  -5.7735026918962584e-01
  -5.7735026918962584e-01   5.7735026918962584e-01  -5.7735026918962584e-01
  -5.7735026918962584e-01  -5.7735026918962584e-01   5.7735026918962584e-01
  -9.0300732915985926e-01  -1.8269640313305449e-01  -3.8884416900067059e-01
  -9.0300732915985926e-01   1.8269640313305449e-01   3.8884416900067059e-01
   9.0300732915985926e-01  -1.8269640313305449e-01   3.8884416900067059e-01
   9.0300732915985926e-01   1.8269640313305449e-01  -3.8884416900067059e-01
  -3.8884416900067059e-01  -9.0300732915985926e-01  -1.8269640313305449e-01
   3.8884416900067059e-01  -9.0300732915985926e-01   1.8269640313305449e-01
   3.8884416900067059e-01   9.0300732915985926e-01  -1.8269640313305449e-01
  -3.8884416900067059e-01   9.0300732915985926e-01   1.8269640313305449e-01
  -1.8269640313305449e-01  -3.8884416900067059e-01  -9.0300732915985926e-01
   1.8269640313305449e-01   3.8884416900067059e-01  -9.0300732915985926e-01
  -1.8269640313305449e-01   3.8884416900067059e-01   9.0300732915985926e-01
   1.8269640313305449e-01  -3.8884416900067059e-01   9.0300732915985926e-01
