  -1.1948385661649900e-01  -5.1582987307692296e-01   8.4831783551301898e-01
   1.1948385661649800e-01   5.1582987307692296e-01   8.4831783551301898e-01
  -5.1582987307694095e-01   1.1948385661650500e-01   8.4831783551300699e-01
   5.1582987307694095e-01  -1.1948385661650400e-01   8.4831783551300699e-01
  -5.7735026918962595e-01  -5.7735026918962795e-01   5.7735026918962395e-01
  -5.7735026918961496e-01   5.7735026918963905e-01   5.7735026918962395e-01
   5.7735026918961496e-01  -5.7735026918963805e-01   5.7735026918962395e-01
   5.7735026918962595e-01   5.7735026918962795e-01   5.7735026918962296e-01
  -8.4831783551300899e-01  -1.1948385661649299e-01   5.1582987307693995e-01
   8.4831783551300899e-01   1.1948385661649299e-01   5.1582987307693995e-01
  -1.1948385661647901e-01   8.4831783551301498e-01   5.1582987307693395e-01
   1.1948385661648100e-01  -8.4831783551301498e-01   5.1582987307693395e-01
  -8.4831783551301698e-01   5.1582987307692696e-01   1.1948385661649601e-01
   8.4831783551301698e-01  -5.1582987307692796e-01   1.1948385661649499e-01
  -5.1582987307693995e-01  -8.4831783551300999e-01   1.1948385661648900e-01
   5.1582987307694095e-01   8.4831783551300999e-01   1.1948385661648800e-01
   0.0000000000000000e+00   0.0000000000000000e+00   1.0000000000000000e+00
  -1.0000000000000000e+00  -1.0000000000000001e-15   0.0000000000000000e+00
   1.0000000000000000e+00   0.0000000000000000e+00   0.0000000000000000e+00
   0.0000000000000000e+00  -1.0000000000000000e+00   0.0000000000000000e+00
   0.0000000000000000e+00   1.0000000000000000e+00   0.0000000000000000e+00
   0.0000000000000000e+00  -1.0000000000000001e-15  -1.0000000000000000e+00
  -5.1582987307694095e-01   8.4831783551300999e-01  -1.1948385661648800e-01
   5.1582987307693995e-01  -8.4831783551300999e-01  -1.1948385661648800e-01
  -8.4831783551301698e-01  -5.1582987307692796e-01  -1.1948385661649499e-01
   8.4831783551301698e-01   5.1582987307692696e-01  -1.1948385661649499e-01
  -1.1948385661648100e-01  -8.4831783551301498e-01  -5.1582987307693395e-01
   1.1948385661647901e-01   8.4831783551301498e-01  -5.1582987307693395e-01
  -8.4831783551300999e-01   1.1948385661649399e-01  -5.1582987307693995e-01
   8.4831783551300899e-01  -1.1948385661649299e-01  -5.1582987307693995e-01
  -5.7735026918962595e-01   5.7735026918962795e-01  -5.7735026918962296e-01
   5.7735026918962595e-01  -5.7735026918962895e-01  -5.7735026918962296e-01
  -5.7735026918961596e-01  -5.7735026918963805e-01  -5.7735026918962395e-01
   5.7735026918961496e-01   5.7735026918963905e-01  -5.7735026918962395e-01
  -5.1582987307694095e-01  -1.1948385661650500e-01  -8.4831783551300699e-01
   5.1582987307694195e-01   1.1948385661650500e-01  -8.4831783551300699e-01
   1.1948385661649900e-01  -5.1582987307692296e-01  -8.4831783551301898e-01
  -1.1948385661649900e-01   5.1582987307692096e-01  -8.4831783551301998e-01
