   6.1854499999999996e-10  -3.6509300000000000e-10   1.0000000000000000e+00
  -6.3181020951977596e-01   3.2598345826094999e-02   7.7443734865770797e-01
   3.4413609953305802e-01   5.3086451962846304e-01   7.7443734852976598e-01
   2.8767410984956698e-01  -5.6346286500932896e-01   7.7443734819398902e-01
  -5.7795912874744204e-01  -6.3975521195401097e-01   5.0663252390186797e-01
   8.4302383068686204e-01  -1.8064968074613699e-01   5.0663252337406095e-01
  -2.6506470288495798e-01   8.2040489372378300e-01   5.0663252327360198e-01
   7.8147490793337504e-01   5.4889183289546695e-01   2.9667275582900798e-01
   8.4616816084278998e-02  -9.5122303932783403e-01   2.9667275555345202e-01
  -8.6609172552884095e-01   4.0233120597543998e-01   2.9667275518460201e-01
   8.6602540341098300e-01  -5.0000000064684402e-01   3.8808600000000002e-10
   0.0000000000000000e+00   1.0000000000000000e+00   0.0000000000000000e+00
  -8.6602540341098300e-01  -5.0000000064684402e-01  -3.8808500000000001e-10
   8.6609172552884095e-01   4.0233120597543998e-01  -2.9667275518460201e-01
  -8.4616816084278998e-02  -9.5122303932783403e-01  -2.9667275555345202e-01
  -7.8147490793337504e-01   5.4889183289546695e-01  -2.9667275582900898e-01
   2.6506470288495698e-01   8.2040489372378300e-01  -5.0663252327360198e-01
  -8.4302383068686104e-01  -1.8064968074613699e-01  -5.0663252337406095e-01
   5.7795912874744204e-01  -6.3975521195401097e-01  -5.0663252390186797e-01
  -2.8767410984956698e-01  -5.6346286500932896e-01  -7.7443734819398902e-01
  -3.4413609953305702e-01   5.3086451962846304e-01  -7.7443734852976598e-01
   6.3181020951977496e-01   3.2598345826094999e-02  -7.7443734865770797e-01
  -6.1854499999999996e-10  -3.6509300000000000e-10  -1.0000000000000000e+00
