  -2.9879199064229700e-01  -7.9384321293473503e-01   5.2965677528515598e-01
  -8.2032864633717595e-01   4.7131947870243102e-01   3.2391181051990903e-01
   4.6318623381709700e-01   6.5169062717087001e-02   8.8386170075804904e-01
   0.0000000000000000e+00  -1.0000000000000000e+00   0.0000000000000000e+00
  -9.5105651629515398e-01  -3.0901699437494601e-01   0.0000000000000000e+00
   9.5105651629515398e-01  -3.0901699437494601e-01   0.0000000000000000e+00
  -5.8778525229247502e-01   8.0901699437494601e-01   0.0000000000000000e+00
   5.8778525229247502e-01   8.0901699437494601e-01   0.0000000000000000e+00
   2.9879199064229700e-01  -7.9384321293473503e-01  -5.2965677528515598e-01
   8.2032864633717595e-01   4.7131947870243102e-01  -3.2391181051990903e-01
  -4.6318623381709700e-01   6.5169062717087001e-02  -8.8386170075804904e-01
  -6.6265795768667102e-01  -5.2947911338319997e-01  -5.2965677528515598e-01
   7.0174695416756405e-01  -6.3453317590356295e-01  -3.2391181051990903e-01
  -8.1152956052076994e-02   4.6065463381702398e-01  -8.8386170075805004e-01
   6.6265795768667102e-01  -5.2947911338319997e-01   5.2965677528515598e-01
  -7.0174695416756405e-01  -6.3453317590356295e-01   3.2391181051990903e-01
   8.1152956052076994e-02   4.6065463381702398e-01   8.8386170075805004e-01
  -8.4732156346985099e-01   3.8857026051111000e-02   5.2965677528515598e-01
   1.9475596878599499e-01   9.2582463330154696e-01   3.2391181051990903e-01
   2.0511187956794300e-01  -4.2037793804289197e-01   8.8386170075805004e-01
  -7.0833713140824806e-01   4.6660712453075998e-01  -5.2965677528515598e-01
  -3.8662517715990702e-01  -8.6348254840024696e-01  -3.2391181051990903e-01
   4.1303094868938600e-01   2.1953115805697301e-01  -8.8386170075804904e-01
   8.4732156346985099e-01   3.8857026051111000e-02  -5.2965677528515598e-01
  -1.9475596878599499e-01   9.2582463330154696e-01  -3.2391181051990903e-01
  -2.0511187956794300e-01  -4.2037793804289197e-01  -8.8386170075805004e-01
   7.0833713140824806e-01   4.6660712453075998e-01   5.2965677528515598e-01
   3.8662517715990702e-01  -8.6348254840024696e-01   3.2391181051990903e-01
  -4.1303094868938600e-01   2.1953115805697301e-01   8.8386170075804904e-01
  -2.2488153498277200e-01   8.1785817573606401e-01   5.2965677528515598e-01
   9.4069445455883705e-01   1.0087161229983101e-01   3.2391181051990903e-01
  -3.3642012074772998e-01  -3.2497691654819100e-01   8.8386170075805004e-01
   2.2488153498277200e-01   8.1785817573606401e-01  -5.2965677528515598e-01
  -9.4069445455883705e-01   1.0087161229983101e-01  -3.2391181051990903e-01
   3.3642012074772998e-01  -3.2497691654819100e-01  -8.8386170075805004e-01
