  -5.7716619791846901e-01  -3.6447005712026997e-02   8.1581296616011600e-01
   5.7716619791846802e-01  -3.6447005712025998e-02   8.1581296616011600e-01
  -2.5711946996664198e-01   5.1811420145735998e-01   8.1574950347044395e-01
   2.5711946996664198e-01   5.1811420145736098e-01   8.1574950347044295e-01
  -3.2023004296952201e-01  -4.8169442938583401e-01   8.1573475853269495e-01
   3.2023004296952201e-01  -4.8169442938583401e-01   8.1573475853269495e-01
  -5.6724516266389102e-01   7.7051279019024799e-01   2.9076273074046999e-01
   5.6724516266389202e-01   7.7051279019024799e-01   2.9076273074046899e-01
  -3.8364851001171602e-01  -8.7651912046256997e-01   2.9073708437231399e-01
   3.8364851001171602e-01  -8.7651912046256897e-01   2.9073708437231399e-01
  -9.5092191239639601e-01   1.0601782296852900e-01   2.9070214608322897e-01
   9.5092191239639601e-01   1.0601782296852900e-01   2.9070214608322897e-01
  -8.6604357909834695e-01  -4.9996851811141602e-01   0.0000000000000000e+00
   8.6604357909834695e-01  -4.9996851811141502e-01   0.0000000000000000e+00
   0.0000000000000000e+00   1.0000000000000000e+00   0.0000000000000000e+00
  -9.5092191239639601e-01   1.0601782296852900e-01  -2.9070214608322897e-01
   9.5092191239639601e-01   1.0601782296852900e-01  -2.9070214608322897e-01
  -3.8364851001171502e-01  -8.7651912046256997e-01  -2.9073708437231399e-01
   3.8364851001171602e-01  -8.7651912046256897e-01  -2.9073708437231399e-01
  -5.6724516266389202e-01   7.7051279019024699e-01  -2.9076273074046899e-01
   5.6724516266389202e-01   7.7051279019024799e-01  -2.9076273074046899e-01
  -3.2023004296952201e-01  -4.8169442938583401e-01  -8.1573475853269495e-01
   3.2023004296952201e-01  -4.8169442938583401e-01  -8.1573475853269495e-01
  -2.5711946996664198e-01   5.1811420145736098e-01  -8.1574950347044295e-01
   2.5711946996664198e-01   5.1811420145736098e-01  -8.1574950347044295e-01
  -5.7716619791846802e-01  -3.6447005712026997e-02  -8.1581296616011600e-01
   5.7716619791846802e-01  -3.6447005712026997e-02  -8.1581296616011600e-01
