  -1.0000000000000000e-14   1.3400000000000001e-13   1.0000000000000000e+00
   3.0189578957357799e-01  -9.2913970151323000e-01   2.1344401446199199e-01
  -7.9037343816418604e-01  -5.7423991583213196e-01   2.1344401446194300e-01
   9.7695529718117102e-01  -3.7000000000000000e-14   2.1344401446199099e-01
   3.0189578957366903e-01   9.2913970151320602e-01   2.1344401446196901e-01
  -7.9037343816420103e-01   5.7423991583211398e-01   2.1344401446193600e-01
  -3.0189578957358199e-01  -9.2913970151323999e-01  -2.1344401446194700e-01
   7.9037343816423800e-01  -5.7423991583205602e-01  -2.1344401446195099e-01
   7.9037343816417405e-01   5.7423991583214595e-01  -2.1344401446194999e-01
  -3.0189578957356400e-01   9.2913970151323699e-01  -2.1344401446198200e-01
  -9.7695529718116803e-01  -2.9999999999999998e-15  -2.1344401446200201e-01
  -2.2116314422356501e-01  -6.8067016800603297e-01   6.9840889600848199e-01
   5.7901262863538305e-01  -4.2067729895611899e-01   6.9840889600844003e-01
   5.7901262863570402e-01   4.2067729895568301e-01   6.9840889600843703e-01
  -2.2116314422319899e-01   6.8067016800628199e-01   6.9840889600835498e-01
  -7.1569896882445005e-01   1.8400000000000000e-13   6.9840889600836298e-01
   2.2116314422333200e-01  -6.8067016800623203e-01  -6.9840889600836098e-01
  -5.7901262863562997e-01  -4.2067729895583200e-01  -6.9840889600840805e-01
   7.1569896882440798e-01  -4.1000000000000002e-14  -6.9840889600840494e-01
   2.2116314422343600e-01   6.8067016800607205e-01  -6.9840889600848399e-01
  -5.7901262863547598e-01   4.2067729895602801e-01  -6.9840889600841705e-01
  -1.4000000000000000e-14  -1.3100000000000000e-13  -1.0000000000000000e+00
