   1.0000000000000000e+00   0.0000000000000000e+00   0.0000000000000000e+00
   5.9471897720407252e-01   1.7765399260258230e-01   7.8405892448571968e-01
   5.9471897720407252e-01  -7.6784194296982922e-01  -2.3817659156529089e-01
   5.9471897720407252e-01   5.9018795036724703e-01  -5.4588233292042876e-01
  -5.9471897720407252e-01   1.7765399260258230e-01  -7.8405892448571968e-01
  -5.9471897720407252e-01   5.9018795036724703e-01   5.4588233292042876e-01
  -5.9471897720407252e-01  -7.6784194296982922e-01   2.3817659156529089e-01
   3.0125368478706832e-01   8.7947444392306495e-01   3.6847105705662853e-01
   3.0125368478706832e-01  -7.5884251793187807e-01   5.7741168188825276e-01
   3.0125368478706832e-01  -1.2063192599118690e-01  -9.4588273894488129e-01
  -3.0125368478706832e-01   8.7947444392306495e-01  -3.6847105705662853e-01
  -3.0125368478706832e-01  -1.2063192599118690e-01   9.4588273894488129e-01
  -3.0125368478706832e-01  -7.5884251793187807e-01  -5.7741168188825276e-01
  -1.0000000000000000e+00   0.0000000000000000e+00   0.0000000000000000e+00
