  -3.9296718743251102e-01  -2.2687950426801101e-01   8.9112427873135802e-01
   3.9296718743251102e-01  -2.2687950426801101e-01   8.9112427873135802e-01
   0.0000000000000000e+00   4.5376145536037099e-01   8.9112319105117999e-01
  -8.9339850826534395e-01   1.2472522061874400e-01   4.3160482477709100e-01
   8.9339850826534395e-01   1.2472522061874400e-01   4.3160482477709100e-01
  -3.3868312769019798e-01  -8.3606891549736595e-01   4.3160457314194900e-01
   3.3868312769019798e-01  -8.3606891549736595e-01   4.3160457314194900e-01
  -5.5471590214384303e-01   7.1134256950906005e-01   4.3160400451454300e-01
   5.5471590214384303e-01   7.1134256950906105e-01   4.3160400451454300e-01
  -8.6602529057455002e-01  -5.0000019608522805e-01   0.0000000000000000e+00
   8.6602529057455002e-01  -5.0000019608522805e-01   0.0000000000000000e+00
   0.0000000000000000e+00   1.0000000000000000e+00   0.0000000000000000e+00
  -5.5471590214384303e-01   7.1134256950906005e-01  -4.3160400451454300e-01
   5.5471590214384303e-01   7.1134256950906005e-01  -4.3160400451454300e-01
  -3.3868312769019798e-01  -8.3606891549736595e-01  -4.3160457314194900e-01
   3.3868312769019798e-01  -8.3606891549736595e-01  -4.3160457314194900e-01
  -8.9339850826534395e-01   1.2472522061874400e-01  -4.3160482477709100e-01
   8.9339850826534395e-01   1.2472522061874400e-01  -4.3160482477709100e-01
   0.0000000000000000e+00   4.5376145536037099e-01  -8.9112319105117999e-01
  -3.9296718743251102e-01  -2.2687950426801101e-01  -8.9112427873135802e-01
   3.9296718743251102e-01  -2.2687950426801101e-01  -8.9112427873135802e-01
