  -8.9347742522630402e-01   3.7577296363710000e-01  -2.4595278085511499e-01
   3.7577296363710000e-01  -2.4595278085511499e-01  -8.9347742522630502e-01
   8.9347742522630502e-01  -3.7577296363710000e-01  -2.4595278085511399e-01
  -2.4595278085511499e-01  -8.9347742522630502e-01   3.7577296363709900e-01
  -3.7577296363710000e-01  -2.4595278085511499e-01   8.9347742522630502e-01
  -2.4595278085511499e-01   8.9347742522630502e-01  -3.7577296363710000e-01
  -3.7577296363710000e-01   2.4595278085511499e-01  -8.9347742522630502e-01
   2.4595278085511499e-01   8.9347742522630402e-01   3.7577296363710000e-01
   3.7577296363710000e-01   2.4595278085511499e-01   8.9347742522630402e-01
   2.4595278085511599e-01  -8.9347742522630402e-01  -3.7577296363710000e-01
  -8.9347742522630402e-01  -3.7577296363710000e-01   2.4595278085511499e-01
   8.9347742522630402e-01   3.7577296363710000e-01   2.4595278085511499e-01
  -9.5076025490766303e-01   1.7012301119381501e-01   2.5906195928824599e-01
   1.7012301119381501e-01   2.5906195928824599e-01  -9.5076025490766303e-01
   9.5076025490766303e-01  -1.7012301119381501e-01   2.5906195928824699e-01
   2.5906195928824599e-01  -9.5076025490766303e-01   1.7012301119381601e-01
  -1.7012301119381601e-01   2.5906195928824699e-01   9.5076025490766303e-01
   2.5906195928824599e-01   9.5076025490766303e-01  -1.7012301119381601e-01
  -1.7012301119381601e-01  -2.5906195928824599e-01  -9.5076025490766303e-01
  -2.5906195928824599e-01   9.5076025490766303e-01   1.7012301119381601e-01
   1.7012301119381601e-01  -2.5906195928824599e-01   9.5076025490766303e-01
  -2.5906195928824599e-01  -9.5076025490766303e-01  -1.7012301119381601e-01
  -9.5076025490766303e-01  -1.7012301119381501e-01  -2.5906195928824599e-01
   9.5076025490766303e-01   1.7012301119381501e-01  -2.5906195928824599e-01
  -8.1991295509509995e-02   6.8796459953964395e-01   7.2109786939147802e-01
   6.8796459953964395e-01   7.2109786939147802e-01  -8.1991295509509995e-02
   8.1991295509509995e-02  -6.8796459953964395e-01   7.2109786939147802e-01
   7.2109786939147902e-01  -8.1991295509508996e-02   6.8796459953964395e-01
  -6.8796459953964395e-01   7.2109786939147802e-01   8.1991295509510995e-02
   7.2109786939147902e-01   8.1991295509509995e-02  -6.8796459953964395e-01
  -6.8796459953964395e-01  -7.2109786939147802e-01  -8.1991295509509995e-02
  -7.2109786939147902e-01   8.1991295509509995e-02   6.8796459953964395e-01
   6.8796459953964395e-01  -7.2109786939147802e-01   8.1991295509510995e-02
  -7.2109786939147902e-01  -8.1991295509508996e-02  -6.8796459953964395e-01
  -8.1991295509509995e-02  -6.8796459953964395e-01  -7.2109786939147802e-01
   8.1991295509509995e-02   6.8796459953964395e-01  -7.2109786939147802e-01
   5.7735026918962595e-01   5.7735026918962595e-01   5.7735026918962595e-01
  -5.7735026918962595e-01  -5.7735026918962595e-01   5.7735026918962595e-01
  -5.7735026918962595e-01   5.7735026918962595e-01  -5.7735026918962595e-01
   5.7735026918962595e-01  -5.7735026918962495e-01  -5.7735026918962595e-01
  -5.7735026918962595e-01  -5.7735026918962495e-01  -5.7735026918962595e-01
   5.7735026918962595e-01   5.7735026918962495e-01  -5.7735026918962595e-01
   5.7735026918962595e-01  -5.7735026918962495e-01   5.7735026918962695e-01
  -5.7735026918962595e-01   5.7735026918962495e-01   5.7735026918962595e-01
