  -3.3450220010697801e-01   2.5590374932805399e-01  -9.0698486713033799e-01
   2.5590374932813298e-01  -9.0698486713032200e-01  -3.3450220010695902e-01
   3.3450220010696602e-01  -2.5590374932807602e-01  -9.0698486713033599e-01
  -9.0698486713032400e-01  -3.3450220010704002e-01   2.5590374932802101e-01
  -2.5590374932804499e-01  -9.0698486713031301e-01   3.3450220010705101e-01
  -9.0698486713031301e-01   3.3450220010698900e-01  -2.5590374932812798e-01
  -2.5590374932807702e-01   9.0698486713032800e-01  -3.3450220010698600e-01
   9.0698486713033399e-01   3.3450220010699899e-01   2.5590374932803700e-01
   2.5590374932805299e-01   9.0698486713032700e-01   3.3450220010700799e-01
   9.0698486713032200e-01  -3.3450220010700599e-01  -2.5590374932807097e-01
  -3.3450220010703602e-01  -2.5590374932803600e-01   9.0698486713032100e-01
   3.3450220010699599e-01   2.5590374932813398e-01   9.0698486713030801e-01
   1.8124538165042500e-01   1.5328087030530699e-01  -9.7141910956540301e-01
   1.5328087030532001e-01  -9.7141910956538602e-01   1.8124538165050300e-01
  -1.8124538165039600e-01  -1.5328087030531401e-01  -9.7141910956540700e-01
  -9.7141910956541999e-01   1.8124538165041601e-01   1.5328087030520801e-01
  -1.5328087030521101e-01  -9.7141910956542998e-01  -1.8124538165035900e-01
  -9.7141910956539101e-01  -1.8124538165048501e-01  -1.5328087030531201e-01
  -1.5328087030531501e-01   9.7141910956540400e-01   1.8124538165041301e-01
   9.7141910956541300e-01  -1.8124538165040399e-01   1.5328087030526899e-01
   1.5328087030529000e-01   9.7141910956540900e-01  -1.8124538165040399e-01
   9.7141910956539601e-01   1.8124538165045101e-01  -1.5328087030531801e-01
   1.8124538165041401e-01  -1.5328087030518400e-01   9.7141910956542399e-01
  -1.8124538165049800e-01   1.5328087030530399e-01   9.7141910956538902e-01
  -5.6712724673605297e-01   2.2395339048801299e-01   7.9259798441486495e-01
   2.2395339048805199e-01   7.9259798441495100e-01  -5.6712724673591797e-01
   5.6712724673595605e-01  -2.2395339048798801e-01   7.9259798441494200e-01
   7.9259798441493801e-01  -5.6712724673595105e-01   2.2395339048801399e-01
  -2.2395339048804000e-01   7.9259798441493301e-01   5.6712724673594805e-01
   7.9259798441490703e-01   5.6712724673598103e-01  -2.2395339048804699e-01
  -2.2395339048803800e-01  -7.9259798441498996e-01  -5.6712724673587001e-01
  -7.9259798441495199e-01   5.6712724673593595e-01   2.2395339048800500e-01
   2.2395339048804999e-01  -7.9259798441487905e-01   5.6712724673602000e-01
  -7.9259798441487805e-01  -5.6712724673602699e-01  -2.2395339048803301e-01
  -5.6712724673596704e-01  -2.2395339048800700e-01  -7.9259798441492901e-01
   5.6712724673597803e-01   2.2395339048799701e-01  -7.9259798441492402e-01
  -6.6087565034042006e-02  -5.3073379393864095e-01  -8.4495803074434805e-01
  -5.3073379393856401e-01  -8.4495803074440501e-01  -6.6087565033938006e-02
   6.6087565034000997e-02   5.3073379393861497e-01  -8.4495803074436804e-01
  -8.4495803074438103e-01  -6.6087565033983997e-02  -5.3073379393859699e-01
   5.3073379393862496e-01  -8.4495803074436204e-01   6.6087565033999998e-02
  -8.4495803074442899e-01   6.6087565033943002e-02   5.3073379393852504e-01
   5.3073379393861397e-01   8.4495803074437403e-01  -6.6087565033938006e-02
   8.4495803074438003e-01   6.6087565033931997e-02  -5.3073379393860398e-01
  -5.3073379393863895e-01   8.4495803074435505e-01   6.6087565033974005e-02
   8.4495803074438403e-01  -6.6087565033985995e-02   5.3073379393859099e-01
  -6.6087565034026005e-02   5.3073379393858400e-01   8.4495803074438602e-01
   6.6087565034003995e-02  -5.3073379393850895e-01   8.4495803074443498e-01
   6.5662342545926899e-01  -3.2085536930507802e-01  -6.8256685322848598e-01
  -3.2085536930498199e-01  -6.8256685322842803e-01   6.5662342545937702e-01
  -6.5662342545927399e-01   3.2085536930505598e-01  -6.8256685322849198e-01
  -6.8256685322844401e-01   6.5662342545931296e-01  -3.2085536930507702e-01
   3.2085536930496700e-01  -6.8256685322847499e-01  -6.5662342545933505e-01
  -6.8256685322841804e-01  -6.5662342545934105e-01   3.2085536930507602e-01
   3.2085536930501002e-01   6.8256685322847099e-01   6.5662342545931796e-01
   6.8256685322845401e-01  -6.5662342545929997e-01  -3.2085536930508102e-01
  -3.2085536930499198e-01   6.8256685322847199e-01  -6.5662342545932595e-01
   6.8256685322845601e-01   6.5662342545930497e-01   3.2085536930506903e-01
   6.5662342545933705e-01   3.2085536930503999e-01   6.8256685322843802e-01
  -6.5662342545933905e-01  -3.2085536930505998e-01   6.8256685322842703e-01
  -5.7735026918961596e-01  -5.7735026918961996e-01  -5.7735026918964105e-01
   5.7735026918962495e-01   5.7735026918960597e-01  -5.7735026918964605e-01
   5.7735026918964405e-01  -5.7735026918959298e-01   5.7735026918964005e-01
  -5.7735026918963706e-01   5.7735026918962495e-01   5.7735026918961596e-01
