   1.8175889409306301e-01   9.5373620784992796e-01  -2.3948058432862701e-01
   1.8175889409306301e-01  -9.5373620784992796e-01   2.3948058432862701e-01
   1.4040508604047600e-01   1.5149197505435100e-01  -9.7843578906557505e-01
   1.4040508604047600e-01  -1.5149197505435100e-01   9.7843578906557505e-01
  -5.7442777240625198e-01   6.9936007165902994e-02  -8.1556219211434600e-01
  -5.7442777240625198e-01  -6.9936007165902994e-02   8.1556219211434600e-01
   4.5296209112510399e-01   8.9070151329597302e-01  -3.8420804678078999e-02
   4.5296209112510399e-01  -8.9070151329597302e-01   3.8420804678078999e-02
   9.3751653680807701e-01  -3.0601688782651398e-01  -1.6557900710126500e-01
   9.3751653680807701e-01   3.0601688782651398e-01   1.6557900710126500e-01
  -6.2160035785157297e-01   7.2833051046916497e-01   2.8835336421619401e-01
  -6.2160035785157297e-01  -7.2833051046916497e-01  -2.8835336421619401e-01
   2.2040588741894299e-01   6.3991685269446197e-01   7.3615736527250597e-01
   2.2040588741894299e-01  -6.3991685269446197e-01  -7.3615736527250597e-01
   1.2014440435366600e-01  -8.2373214225897196e-01   5.5410349207365905e-01
   1.2014440435366600e-01   8.2373214225897196e-01  -5.5410349207365905e-01
   5.1434649439414803e-01   4.5440103719649003e-02  -8.5637776751540795e-01
   5.1434649439414803e-01  -4.5440103719649003e-02   8.5637776751540795e-01
  -3.2262729989085998e-01  -6.4605797355239503e-01   6.9175192098813898e-01
  -3.2262729989085998e-01   6.4605797355239503e-01  -6.9175192098813898e-01
  -6.8076420321060505e-01   7.2102909688266603e-01  -1.2914000577617901e-01
  -6.8076420321060505e-01  -7.2102909688266603e-01   1.2914000577617901e-01
   7.7322525874852699e-01  -5.9437438102055196e-01  -2.2100179735917100e-01
   7.7322525874852699e-01   5.9437438102055196e-01   2.2100179735917100e-01
  -6.8017182521603103e-01  -3.9093487256535597e-01  -6.2010983995650104e-01
  -6.8017182521603103e-01   3.9093487256535597e-01   6.2010983995650104e-01
   5.5945225287603695e-01  -4.5266476974060399e-01  -6.9433981810341805e-01
   5.5945225287603695e-01   4.5266476974060399e-01   6.9433981810341805e-01
   8.8377870535743996e-01   3.7012877714956599e-01  -2.8625144243963302e-01
   8.8377870535743996e-01  -3.7012877714956599e-01   2.8625144243963302e-01
  -7.5482893668715401e-01  -5.4584036841099404e-01   3.6371907919294899e-01
  -7.5482893668715401e-01   5.4584036841099404e-01  -3.6371907919294899e-01
  -4.2615018402527499e-01   4.6973190430790801e-01   7.7314161623001898e-01
  -4.2615018402527499e-01  -4.6973190430790801e-01  -7.7314161623001898e-01
  -2.8919973078105699e-01  -1.1411469084380000e-03   9.5726809907996702e-01
  -2.8919973078105699e-01   1.1411469084380000e-03  -9.5726809907996702e-01
   2.1561753842053799e-01   5.5514304569266604e-01  -8.0332140265326801e-01
   2.1561753842053799e-01  -5.5514304569266604e-01   8.0332140265326801e-01
  -1.1428855509346100e-01  -7.3457575744681103e-01  -6.6883225308171801e-01
  -1.1428855509346100e-01   7.3457575744681103e-01   6.6883225308171801e-01
   6.0810000293567001e-01  -3.3209266403580301e-01   7.2106091902107405e-01
   6.0810000293567001e-01   3.3209266403580301e-01  -7.2106091902107405e-01
   5.2779990763912099e-01  -6.5198993449710696e-01   5.4436787453602398e-01
   5.2779990763912099e-01   6.5198993449710696e-01  -5.4436787453602398e-01
  -3.4761312553763501e-01   8.4261647118691296e-01   4.1129380916170599e-01
  -3.4761312553763501e-01  -8.4261647118691296e-01  -4.1129380916170599e-01
   7.0117293077956200e-01  -6.8006328599763599e-01   2.1417387374834701e-01
   7.0117293077956200e-01   6.8006328599763599e-01  -2.1417387374834701e-01
   5.1459580941000405e-01  -7.6599783215739203e-01  -3.8527713932196200e-01
   5.1459580941000405e-01   7.6599783215739203e-01   3.8527713932196200e-01
  -3.4049845585520699e-01   9.3617390122060895e-01  -8.7402678734015998e-02
  -3.4049845585520699e-01  -9.3617390122060895e-01   8.7402678734015998e-02
  -2.8584763719390099e-01   8.5866678051205803e-01  -4.2542036666337002e-01
  -2.8584763719390099e-01  -8.5866678051205803e-01   4.2542036666337002e-01
   8.8153107728873104e-01   8.5008660219854995e-02  -4.6440982706879602e-01
   8.8153107728873104e-01  -8.5008660219854995e-02   4.6440982706879602e-01
   2.5391134403039800e-01   2.4994617804186600e-01   9.3437462373034097e-01
   2.5391134403039800e-01  -2.4994617804186600e-01  -9.3437462373034097e-01
  -5.1083732891914001e-02   9.9194453848238995e-01   1.1591585234583800e-01
  -5.1083732891914001e-02  -9.9194453848238995e-01  -1.1591585234583800e-01
   1.8108016133964300e-01  -9.1372209272670601e-01  -3.6376079014733398e-01
   1.8108016133964300e-01   9.1372209272670601e-01   3.6376079014733398e-01
  -8.6798611268069403e-01   4.4589675652007799e-01   2.1857765378603600e-01
  -8.6798611268069403e-01  -4.4589675652007799e-01  -2.1857765378603600e-01
   7.7392576089309395e-01  -2.3318324865413101e-01  -5.8878220862168296e-01
   7.7392576089309395e-01   2.3318324865413101e-01   5.8878220862168296e-01
  -8.4243259098940704e-01   6.2773422012119995e-02   5.3513253231703095e-01
  -8.4243259098940704e-01  -6.2773422012119995e-02  -5.3513253231703095e-01
  -6.0644065116826296e-01   4.0841346081149099e-01  -6.8222297062974202e-01
  -6.0644065116826296e-01  -4.0841346081149099e-01   6.8222297062974202e-01
  -9.7523092256482002e-01  -2.1745842380965399e-01  -4.0453449838881002e-02
  -9.7523092256482002e-01   2.1745842380965399e-01   4.0453449838881002e-02
  -1.0533519252701599e-01   3.2920233966810702e-01   9.3836576919057302e-01
  -1.0533519252701599e-01  -3.2920233966810702e-01  -9.3836576919057302e-01
  -9.2775854388588896e-01  -1.7971925232575500e-01   3.2705515529721002e-01
  -9.2775854388588896e-01   1.7971925232575500e-01  -3.2705515529721002e-01
  -1.2744431308902601e-01  -4.0150461848671798e-01   9.0694651904694801e-01
  -1.2744431308902601e-01   4.0150461848671798e-01  -9.0694651904694801e-01
   1.0000000000081379e+00   0.0000000000000000e+00   0.0000000000000000e+00
