   7.7384848798060502e-01   1.7294055798615099e-01  -6.0930294686105801e-01
  -7.7384793970723798e-01   1.7293335750230099e-01   6.0930568688782605e-01
   5.3676271513561502e-01   5.8362454159161303e-01   6.0931780057062301e-01
  -5.3676077898149299e-01   5.8363670296026504e-01  -6.0930785741269800e-01
  -2.3716304707198199e-01  -7.5656489497429802e-01  -6.0939580634925805e-01
   2.3716057463139301e-01  -7.5657588590742797e-01   6.0938312308751896e-01
   6.0027587012117001e-01  -6.1289384644356804e-01   5.1383850842641299e-01
  -6.0027799091144995e-01  -6.1288296643632800e-01  -5.1384900805540201e-01
  -2.3055201014020399e-01   8.2629586055345505e-01  -5.1388804369486496e-01
   2.3055498312222400e-01   8.2628634118195998e-01   5.1390201608248298e-01
  -8.3094332665668302e-01  -2.1346235028392699e-01   5.1377720161173601e-01
   8.3094267196027005e-01  -2.1345653801550099e-01  -5.1378067528271598e-01
  -7.1764160541442401e-01   5.5553040649507501e-01   4.1997201530295603e-01
   7.1764386090995702e-01   5.5553457510672399e-01  -4.1996264686188700e-01
   1.2223954205085900e-01  -8.9925089047133400e-01  -4.2000634560171801e-01
  -1.2224236422102600e-01  -8.9925759855634102e-01   4.1999116160740502e-01
   8.3996793136950298e-01   3.4354621396488599e-01   4.2003556175784701e-01
  -8.3996677474542003e-01   3.4355614850254501e-01  -4.2002974912483798e-01
  -6.3303685762840800e-01  -2.2304851080634400e-01  -7.4129191194226796e-01
   6.3303572972917699e-01  -2.2306334317733900e-01   7.4128841203461204e-01
  -5.0965439578098404e-01  -4.3680957693138700e-01   7.4124880462780096e-01
   5.0965291326310502e-01  -4.3679835998022698e-01  -7.4125643384797302e-01
   1.2362191507132100e-01   6.5988383420141505e-01  -7.4112815860263903e-01
  -1.2361936513848300e-01   6.5987181198854095e-01   7.4113928805975404e-01
  -9.9357467947745803e-01  -6.5761118826835996e-02   9.2113145380610995e-02
   9.9357448685591898e-01  -6.5763114367618003e-02  -9.2113798410823997e-02
  -5.5367481697777399e-01  -8.2762177181591501e-01  -9.2121657936204998e-02
   5.5367207443031696e-01  -8.2762519988013905e-01   9.2107342375022994e-02
   4.3991198960692102e-01   8.9328014928151400e-01   9.2347259297045001e-02
  -4.3990869623824302e-01   8.9328331830018404e-01  -9.2332292404025004e-02
  -8.1088846548291005e-01  -5.4505582826697097e-01   2.1301183211027799e-01
   8.1088663493707602e-01  -5.4505499016566505e-01  -2.1302094492310300e-01
  -8.7742070259983695e-01  -4.2988717192179399e-01  -2.1290826678710900e-01
   8.7741922957097396e-01  -4.2989364425071303e-01   2.1290126869495299e-01
  -6.6492873545199005e-02   9.7480404481682004e-01   2.1292198565782100e-01
   6.6496661435027998e-02   9.7480730481908195e-01  -2.1290587706626099e-01
  -9.4625513967242103e-01   3.0906361363444101e-01   9.5293721570457998e-02
   9.4625630919852199e-01   3.0906165597925900e-01  -9.5288457356330999e-02
  -2.0544094755271100e-01  -9.7401465654131703e-01  -9.5338690526695996e-02
   2.0543779975267801e-01  -9.7401693309489501e-01   9.5322213975515005e-02
   7.4087708440905198e-01   6.6483334123208904e-01   9.5382252980936000e-02
  -7.4087470024268698e-01   6.6483760630603195e-01  -9.5371042678449994e-02
  -4.1076927035510502e-01  -4.2383887497921997e-02   9.1075365089166604e-01
   4.1076840027145600e-01  -4.2369900539468999e-02  -9.1075469412279397e-01
  -2.4190443229617301e-01  -3.3431942381067298e-01  -9.1088570550775805e-01
   2.4190309624363099e-01  -3.3433543890675899e-01   9.1088018219674205e-01
   1.6868472553000699e-01   3.7700705279392599e-01   9.1072012469062302e-01
  -1.6868359308406600e-01   3.7702343418248402e-01  -9.1071355293610101e-01
   9.1040296910262197e-01  -4.4216473291162003e-02   4.1135305680014500e-01
  -9.1040341600616903e-01  -4.4206473266177999e-02  -4.1135314250126398e-01
   4.1714672664728703e-01   8.1056605582727204e-01  -4.1106116039839302e-01
  -4.1714346018371101e-01   8.1056089462222503e-01   4.1107465226547302e-01
  -4.9327957577796500e-01  -7.6644230587247597e-01   4.1138965943396300e-01
   4.9327705734137900e-01  -7.6643673002704704e-01  -4.1140306703533103e-01
   1.2603844675101400e-01  -5.4375339055588201e-01  -8.2972679853043996e-01
  -1.2604040529917099e-01  -5.4376704415443300e-01   8.2971755310079598e-01
  -4.0794217328493299e-01   3.8118576245301000e-01   8.2962678220913499e-01
   4.0794357012074800e-01   3.8119803905779398e-01  -8.2962045455475097e-01
  -5.3399337735444197e-01   1.6266621818585200e-01  -8.2969318088237298e-01
   5.3399362793900396e-01   1.6265050483265101e-01   8.2969610014644801e-01
  -1.0638050159200000e-04   2.5189996497500001e-04   9.9999996261479795e-01
   1.0547684150600001e-04   2.6901071335899999e-04  -9.9999995825393495e-01
