   4.4933342866045101e-01  -5.2216728412218605e-01  -7.2487295251009598e-01
  -4.4933342555316202e-01  -5.2216728392824296e-01   7.2487295457594703e-01
  -6.3544091745870801e-01   2.6601016817962803e-01   7.2488166678726396e-01
   6.3544092789663498e-01   2.6601013675280200e-01  -7.2488166916995500e-01
  -3.5751214804591602e-01  -5.8883877939768503e-01  -7.2488202893784004e-01
   5.6739248575092001e-02   6.8655270303860305e-01   7.2486277571794300e-01
   3.5751213315361402e-01  -5.8883877416459796e-01   7.2488204053368999e-01
  -5.6739254633127997e-02   6.8655270212882302e-01  -7.2486277610544303e-01
  -6.7053967330517195e-01   1.5809086911422701e-01  -7.2483365238273900e-01
   6.7053968988328505e-01   1.5809085742966400e-01   7.2483363959489500e-01
   5.9471642412826001e-02  -9.8968416713337504e-01   1.3033945325280000e-01
  -5.9471641929935003e-02  -9.8968416592849195e-01  -1.3033946262196500e-01
  -9.5955344772180995e-01  -2.4944534842475999e-01  -1.3051512982960101e-01
   9.5955345264202496e-01  -2.4944531895118099e-01   1.3051514998694000e-01
  -9.2293102602012000e-01  -3.6218976851051898e-01   1.3044881293344601e-01
  -5.3375078372941498e-01   8.3552286597227099e-01  -1.3042868283364201e-01
   9.2293102802539595e-01  -3.6218977111842199e-01  -1.3044879150521199e-01
   5.3375079850789697e-01   8.3552285423407302e-01   1.3042869755054401e-01
  -6.2976992962610701e-01   7.6575019767269203e-01   1.3044719430850599e-01
   6.2976989741362599e-01   7.6575022496236700e-01  -1.3044718962751001e-01
   8.0908001458841305e-01   5.0592438850906196e-01   2.9904856312202099e-01
  -8.0907999750845305e-01   5.0592440951758400e-01  -2.9904857379028899e-01
   2.3115689149419499e-01   9.2583076366179395e-01  -2.9900483034921199e-01
  -2.3115692225767501e-01   9.2583075952144300e-01   2.9900481938642198e-01
   7.3126582796300199e-01  -6.1305854141177796e-01   2.9901423654342701e-01
   9.5195574501577596e-01   6.6283248719026994e-02  -2.9897623730107897e-01
  -7.3126581875872199e-01  -6.1305855069743898e-01  -2.9901424001524002e-01
  -9.5195574634204805e-01   6.6283259677786005e-02   2.9897623064859402e-01
  -3.5717284735736599e-01  -8.8487928163472895e-01   2.9902544046324397e-01
   3.5717286619804400e-01  -8.8487927304232294e-01  -2.9902544338561499e-01
   2.8299794083476398e-01  -1.1373069209273400e-01   9.5235366075811900e-01
  -2.8299794077266499e-01  -1.1373070753521999e-01  -9.5235365893242097e-01
  -1.9574217359797899e-01   2.3407216657098001e-01  -9.5231046529580199e-01
   1.9574218573904301e-01   2.3407218829783499e-01   9.5231045745994203e-01
  -2.0816400450883000e-02  -3.0426803239114703e-01   9.5235898795416896e-01
   1.6202655301777200e-01   2.5846985505771902e-01  -9.5233435837610103e-01
   2.0816402254125000e-02  -3.0426805021817299e-01  -9.5235898221921900e-01
  -1.6202654172456499e-01   2.5846984127373401e-01   9.5233436403854999e-01
  -2.9582225558216502e-01  -7.4189384097695002e-02   9.5235766831032798e-01
   2.9582223887406500e-01  -7.4189380406180006e-02  -9.5235767378778602e-01
  -3.2577490180689900e-01   8.0205272699508601e-01   5.0058179798355795e-01
   3.2577491469836301e-01   8.0205272309850995e-01  -5.0058179583714402e-01
   8.6345155111934602e-01  -6.1989523189510003e-02  -5.0060834779729002e-01
  -8.6345155084484904e-01  -6.1989505431035000e-02   5.0060835046974606e-01
   6.6207657676539700e-01   5.5767405898319999e-01   5.0065382295136296e-01
   2.0782515852713701e-01  -8.4039635342302799e-01  -5.0054237846205096e-01
  -6.6207657402646902e-01   5.5767405520307700e-01  -5.0065383078403503e-01
  -2.0782516240127599e-01  -8.4039634800585095e-01   5.0054238594879397e-01
   7.3484032789447795e-01  -4.5742293058002598e-01   5.0077335699846903e-01
  -7.3484034585538305e-01  -4.5742290946805397e-01  -5.0077334992681299e-01
  -2.1594910523884400e-01  -7.9347208121682300e-01  -5.6900618650062595e-01
   2.1594910242691301e-01  -7.9347208091877397e-01   5.6900618798343605e-01
  -6.8778547983214600e-01  -4.5053692878570201e-01   5.6918152599360805e-01
   6.8778547784488298e-01  -4.5053694429547397e-01  -5.6918151611817402e-01
  -8.2129629464784404e-01  -3.9818442872034003e-02  -5.6911061139726404e-01
  -6.4101396063456095e-01   5.1489979511678396e-01   5.6919179830729005e-01
   8.2129629868904597e-01  -3.9818463694389003e-02   5.6911060410845504e-01
   6.4101396295955604e-01   5.1489977666366804e-01  -5.6919181238189898e-01
  -2.9156032492952699e-01   7.6883314243709000e-01  -5.6911174299718803e-01
   2.9156032728706699e-01   7.6883313709747703e-01   5.6911174900287498e-01
   9.9296078618108005e-02  -5.8472355099469597e-01  -8.0513269569880197e-01
  -9.9296082539929997e-02  -5.8472354011290795e-01   8.0513270311797203e-01
  -5.8678898319676698e-01  -8.6316214258930005e-02   8.0512620150813097e-01
   5.8678897053802703e-01  -8.6316234614798995e-02  -8.0512620855170602e-01
  -5.2531381019603296e-01  -2.7520648774345502e-01  -8.0517500577280599e-01
  -2.6337862553185898e-01   5.3146286207954296e-01   8.0509560043709705e-01
   5.2531380607923694e-01  -2.7520648285432198e-01   8.0517501012978498e-01
   2.6337863192373900e-01   5.3146287085301402e-01  -8.0509559255448204e-01
  -4.2414209199560499e-01   4.1467636537944802e-01  -8.0507577146084996e-01
   4.2414211724738499e-01   4.1467636180978201e-01   8.0507575999598202e-01
  -7.3293909718051597e-01  -6.2528697764498797e-01   2.6798596122148999e-01
   7.3293911224632502e-01  -6.2528696862290600e-01  -2.6798594106770901e-01
  -3.6840958270259300e-01  -8.9024858332268497e-01  -2.6782800313793498e-01
   3.6840957555388798e-01  -8.9024858270719998e-01   2.6782801501714998e-01
  -8.2120591684131805e-01   5.0379103189279295e-01   2.6798402625754703e-01
  -9.6052650090241298e-01   7.5126181363671996e-02  -2.6785238087028201e-01
   8.2120589392620702e-01   5.0379106027846998e-01  -2.6798404311517099e-01
   9.6052650276291296e-01   7.5126209110720002e-02   2.6785236641609000e-01
   2.2542563335832200e-01   9.3671494817469203e-01   2.6785889884617098e-01
  -2.2542564467644799e-01   9.3671494904892505e-01  -2.6785888626379101e-01
   1.4930169000000000e-08   1.0000000000000000e+00   9.1001310000000008e-09
   9.5104051955090496e-01   3.0906622192882299e-01   2.5198993306000001e-05
  -9.5104052673871398e-01   3.0906619980628403e-01  -2.5255738085000000e-05
   5.8789777169350399e-01  -8.0893522854930500e-01  -7.7779788701000006e-05
  -5.8789778469497700e-01  -8.0893521909939103e-01   7.7790484336000002e-05
