  -7.5178993467544197e-01   1.2729490064950001e-03   6.5940145110662396e-01
  -6.0329067959651494e-01   5.7649822561069997e-01   5.5108089404341498e-01
   8.2920271686425495e-01   4.8151870228950600e-01   2.8383550463317397e-01
   1.9292214977727901e-01  -2.2236012157082699e-01  -9.5568667483664305e-01
  -2.7851590680329902e-01   9.0524116511713704e-01  -3.2088521722713398e-01
   9.0820293262106400e-01  -2.5085029660927599e-01  -3.3502471829633401e-01
  -1.1803829999999999e-09  -1.0000000000000000e+00   8.0191400000000001e-10
  -9.5389050620028504e-01  -2.5496965304186398e-01  -1.5837732858170100e-01
   9.5389050652409302e-01  -2.5496965281653600e-01   1.5837732699418700e-01
  -6.6734841948061796e-01   7.4201569861831396e-01  -6.3708633800267006e-02
   6.6734841976603698e-01   7.4201569832361303e-01   6.3708634242896994e-02
   7.5178993512438896e-01   1.2729453856800000e-03  -6.5940145060176503e-01
   6.0329068021553700e-01   5.7649822430789199e-01  -5.5108089472864397e-01
  -8.2920271783585398e-01   4.8151870175336903e-01  -2.8383550270426600e-01
  -1.9292214766187099e-01  -2.2236012560370200e-01   9.5568667432534404e-01
   2.7851590828940698e-01   9.0524116487977002e-01   3.2088521660687802e-01
  -9.0820293374493000e-01  -2.5085029421575600e-01   3.3502471704185000e-01
   3.4996891511736000e-01  -4.7312293792233401e-01  -8.0850259372701905e-01
   6.5447660229324101e-01  -4.7730869752675198e-01  -5.8637597522068596e-01
   6.0093347661588997e-02   9.6482642423131804e-01  -2.5592725660201099e-01
  -5.3490375742439700e-01   1.8170688825209400e-01   8.2514276162068101e-01
   9.3825477637259702e-01   1.1805833219485100e-01   3.2517718987250499e-01
  -4.1709088189330701e-01   8.8735810064710896e-01   1.9654718888200701e-01
  -3.4996891721923301e-01  -4.7312293780387199e-01   8.0850259288652404e-01
  -6.5447660563961196e-01  -4.7730869353604299e-01   5.8637597473410197e-01
  -6.0093347738218998e-02   9.6482642287285603e-01   2.5592726170531699e-01
   5.3490375950273505e-01   1.8170688905985699e-01  -8.2514276009550502e-01
  -9.3825477544187497e-01   1.1805833151885101e-01  -3.2517719280340401e-01
   4.1709088263357802e-01   8.8735809997191395e-01  -1.9654719035941201e-01
  -2.5865321872198399e-01   6.8903884903612700e-01   6.7699629021415397e-01
   7.0818712699881006e-02   6.3017231655234995e-01   7.7321896082712305e-01
   5.1893341680741800e-01  -7.4289791919719295e-01   4.2286024945962802e-01
  -3.1213596718225700e-01  -2.0799122089587099e-01  -9.2699017795305805e-01
   8.4687028444308399e-01   4.4496226379103498e-01  -2.9123754072792002e-01
   2.5758595970369103e-01  -8.6636427720821196e-01  -4.2785793499831398e-01
  -2.3194048969906700e-01  -5.3967923537017903e-01  -8.0928977019879400e-01
  -3.3802274493355003e-02  -8.0015078196184697e-01  -5.9884566656603699e-01
   9.7573058103328003e-01   1.4100602576783999e-01  -1.6753248620377201e-01
  -1.5819394474387399e-01   2.2138580140387101e-01   9.6226971415665896e-01
   3.2731145419693303e-01  -9.3252732581487097e-01   1.5251228986561999e-01
   4.6587311663996400e-01   6.5826662956651305e-01   5.9130980339523298e-01
   2.5865321842026601e-01   6.8903885080981297e-01  -6.7699628852419202e-01
  -7.0818713186865001e-02   6.3017231899761506e-01  -7.7321895878963398e-01
  -5.1893341585310204e-01  -7.4289791940789096e-01  -4.2286025026059998e-01
   3.1213596979531000e-01  -2.0799122309477600e-01   9.2699017657981697e-01
  -8.4687028405903098e-01   4.4496226360607100e-01   2.9123754212727798e-01
  -2.5758596288882202e-01  -8.6636427548628103e-01   4.2785793656746601e-01
   2.3194048991183500e-01  -5.3967923730218703e-01   8.0928976884944503e-01
   3.3802273962723998e-02  -8.0015078292922504e-01   5.9884566530342098e-01
  -9.7573058134955903e-01   1.4100602613252400e-01   1.6753248405478000e-01
   1.5819394602324699e-01   2.2138580492950599e-01  -9.6226971313520504e-01
  -3.2731145536482498e-01  -9.3252732552253004e-01  -1.5251228914667200e-01
  -4.6587311885628202e-01   6.5826662960517202e-01  -5.9130980160603497e-01
   6.1069562635070396e-01   3.1216014746941301e-01   7.2774095273524098e-01
   7.1743956363804595e-01  -8.6204123511753994e-02   6.9126646209433695e-01
  -5.9127912213924405e-01  -7.7200979530357405e-01   2.3321637094676401e-01
  -2.4741301427795800e-01   2.0255622548824700e-01  -9.4750080521435398e-01
   8.0499657740074404e-01  -5.9269367723521005e-01   2.6357453186773998e-02
  -7.0852814131019004e-01  -4.3891467956251701e-01  -5.5257739461188704e-01
  -6.1069562597636995e-01   3.1216014780305501e-01  -7.2774095290625496e-01
  -7.1743956165758704e-01  -8.6204124149711001e-02  -6.9126646407022396e-01
   5.9127912034720498e-01  -7.7200979682180804e-01  -2.3321637046439400e-01
   2.4741301548623401e-01   2.0255622253203401e-01   9.4750080553082505e-01
  -8.0499657760321297e-01  -5.9269367691963404e-01  -2.6357454099337999e-02
   7.0852814227566197e-01  -4.3891467919036797e-01   5.5257739366953496e-01
