   9.5679509927269202e-01  -2.9051847178562801e-01  -1.1922900616129000e-02
  -2.1331500553892299e-01  -9.1640868254198604e-01  -3.3866182981492299e-01
  -1.3371195300627800e-01  -4.1114552560900702e-01   9.0170974841960105e-01
   7.2905487241768396e-01  -3.3209885748990697e-01  -5.9848921615843098e-01
   4.1677799843122898e-01  -5.6734370075086304e-01  -7.1022336292322497e-01
   3.4686869289348399e-01  -8.8391982078486997e-01  -3.1363650985497599e-01
   4.0188700000000002e-10  -5.7265500000000002e-10   1.0000000000000000e+00
   1.0845000000000000e-10  -9.0236999999999996e-10  -1.0000000000000000e+00
  -9.5679509922834005e-01  -2.9051847192238600e-01   1.1922900843052000e-02
   2.1331500530677600e-01  -9.1640868237612405e-01   3.3866183040996301e-01
   1.3371195291745400e-01  -4.1114552598215498e-01  -9.0170974826263095e-01
  -7.2905487257458101e-01  -3.3209885695916502e-01   5.9848921626181195e-01
  -4.1677799866747101e-01  -5.6734370024288905e-01   7.1022336319037305e-01
  -3.4686869327139103e-01  -8.8391982053579798e-01   3.1363651013898203e-01
  -7.2999392639003602e-01   6.8334962637882901e-01   1.1922900719797999e-02
  -6.8697569672996295e-01  -6.4294055441645603e-01   3.3866183072357398e-01
  -2.8920649349057098e-01  -3.2137071125358302e-01  -9.0170974824011696e-01
  -6.5213348301154395e-01   4.6533061182757901e-01   5.9848921630335405e-01
  -6.9972305633873300e-01   7.7268484387761002e-02   7.1022336327975100e-01
  -9.3893136632204999e-01  -1.4156280948864200e-01   3.1363650984266900e-01
   7.2999392662188600e-01   6.8334962612776595e-01  -1.1922900913898001e-02
   6.8697569649004298e-01  -6.4294055484792001e-01  -3.3866183039113001e-01
   2.8920649358271699e-01  -3.2137071097695302e-01   9.0170974830915396e-01
   6.5213348303951901e-01   4.6533061174178098e-01  -5.9848921633957997e-01
   6.9972305643677102e-01   7.7268484265408999e-02  -7.1022336319647295e-01
   9.3893136617894901e-01  -1.4156281007106500e-01  -3.1363651000818998e-01
   2.2680117325519000e-01  -9.7386809798059504e-01  -1.1922900055236999e-02
  -9.0029070206619899e-01  -2.7346812769614398e-01  -3.3866182971736802e-01
  -4.2291844594593903e-01  -8.9774814251271998e-02   9.0170974864688103e-01
   7.6921388662254994e-02  -7.9742946919352298e-01  -5.9848921596634197e-01
  -2.8294505859156999e-01  -6.4461218494194406e-01  -7.1022336264233499e-01
  -5.9206267328947804e-01  -7.4235701020553302e-01  -3.1363650982629299e-01
   2.2680117335049399e-01   9.7386809795577800e-01   1.1922900269462000e-02
  -9.0029070152449497e-01   2.7346812832932599e-01   3.3866183064612898e-01
  -4.2291844613359703e-01   8.9774814189286997e-02  -9.0170974856503705e-01
   7.6921388981462002e-02   7.9742946906126599e-01   5.9848921610153505e-01
  -2.8294505808987302e-01   6.4461218470631299e-01   7.1022336305606903e-01
  -5.9206267235661403e-01   7.4235701101639495e-01   3.1363650966803802e-01
  -2.2680117306841799e-01  -9.7386809801752205e-01   1.1922900591851001e-02
   9.0029070206856299e-01  -2.7346812755743399e-01   3.3866182982309301e-01
   4.2291844629004000e-01  -8.9774814797489999e-02  -9.0170974843110996e-01
  -7.6921389078903002e-02  -7.9742946892794297e-01   5.9848921626665097e-01
   2.8294505831888800e-01  -6.4461218472591697e-01   7.1022336294703903e-01
   5.9206267319066297e-01  -7.4235701021555400e-01   3.1363650998911102e-01
  -2.2680117298985000e-01   9.7386809803322905e-01  -1.1922900803466000e-02
   9.0029070161489899e-01   2.7346812793508801e-01  -3.3866183072414702e-01
   4.2291844650248001e-01   8.9774814617462007e-02   9.0170974834939499e-01
  -7.6921389130401002e-02   7.9742946881944698e-01  -5.9848921640459396e-01
   2.8294505802060999e-01   6.4461218440189405e-01  -7.1022336335995895e-01
   5.9206267246527700e-01   7.4235701084898198e-01  -3.1363650985916502e-01
  -7.2999392587731105e-01  -6.8334962694007895e-01  -1.1922899944491999e-02
  -6.8697569697725103e-01   6.4294055450732401e-01  -3.3866183004943801e-01
  -2.8920649248246699e-01   3.2137071090532499e-01   9.0170974868756704e-01
  -6.5213348383633696e-01  -4.6533061102651502e-01  -5.9848921602746696e-01
  -6.9972305689945702e-01  -7.7268483673659002e-02  -7.1022336280500697e-01
  -9.3893136628434704e-01   1.4156281009536700e-01  -3.1363650968168999e-01
   9.5679509956552000e-01   2.9051847084584398e-01   1.1922900016308000e-02
  -2.1331500463787501e-01   9.1640868266134201e-01   3.3866183005949602e-01
  -1.3371195335096400e-01   4.1114552480472999e-01  -9.0170974873520904e-01
   7.2905487220648701e-01   3.3209885804741501e-01   5.9848921610634398e-01
   4.1677799823381001e-01   5.6734370103399101e-01   7.1022336281290499e-01
   3.4686869369500500e-01   8.8391982058912999e-01   3.1363650952018002e-01
   7.2999392598570501e-01  -6.8334962682087097e-01   1.1922900140232000e-02
   6.8697569691572802e-01   6.4294055473344502e-01   3.3866182974495201e-01
   2.8920649266298398e-01   3.2137071054745298e-01  -9.0170974875721599e-01
   6.5213348371071300e-01  -4.6533061115972602e-01   5.9848921606077898e-01
   6.9972305697236903e-01  -7.7268483771171001e-02   7.1022336272256403e-01
   9.3893136619107298e-01   1.4156281040970101e-01   3.1363650981904601e-01
  -9.5679509946856101e-01   2.9051847115593898e-01  -1.1922900241208000e-02
   2.1331500467251699e-01   9.1640868244399898e-01  -3.3866183062579902e-01
   1.3371195337583500e-01   4.1114552514032499e-01   9.0170974857850195e-01
  -7.2905487225176502e-01   3.3209885775927500e-01  -5.9848921621107598e-01
  -4.1677799829310602e-01   5.6734370065769801e-01  -7.1022336307870104e-01
  -3.4686869381340202e-01   8.8391982043141304e-01  -3.1363650983373098e-01
