  -1.6063282812870400e-01   8.2893738129207695e-01   5.3577972378911598e-01
  -3.5580128123042098e-01   7.0798722921317503e-01  -6.1004879439711601e-01
  -3.6081534221523498e-01  -9.2167842222430896e-01  -1.4255235819776599e-01
  -6.9281999999999997e-11   9.9999999999976596e-01  -2.4311000000000000e-10
   7.9011999999999998e-11  -3.6389099999999998e-10   9.9999999999976596e-01
   9.9999999999976596e-01   2.5740999999999999e-10  -1.2071800000000001e-10
   1.4987300000000000e-10  -2.4522899999999998e-10  -9.9999999999976596e-01
  -9.9999999999976596e-01   8.9728000000000005e-11   1.1737900000000000e-10
  -1.8366700000000000e-10  -9.9999999999976596e-01  -5.4896999999999999e-11
   5.3577972354393699e-01  -1.6063282822342601e-01   8.2893738143219098e-01
  -6.1004879435764703e-01  -3.5580128107864400e-01   7.0798722932346003e-01
  -1.4255235831564300e-01  -3.6081534227441497e-01  -9.2167842218290996e-01
   8.2893738136367801e-01  -1.6063282822274200e-01  -5.3577972365014304e-01
   7.0798722928508195e-01  -3.5580128107618197e-01   6.1004879440362303e-01
  -9.2167842223646701e-01  -3.6081534212608202e-01   1.4255235834481300e-01
   8.2893738134063999e-01   5.3577972367019799e-01  -1.6063282827473499e-01
   7.0798722944043102e-01  -6.1004879433322201e-01  -3.5580128088777002e-01
  -9.2167842233096597e-01  -1.4255235810315600e-01  -3.6081534198016701e-01
  -5.3577972365639603e-01   8.2893738140065298e-01  -1.6063282801108000e-01
   6.1004879440935700e-01   7.0798722928957603e-01  -3.5580128105740899e-01
   1.4255235834006799e-01  -9.2167842218184803e-01  -3.6081534226747602e-01
  -1.6063282818892599e-01  -5.3577972373474603e-01   8.2893738131554895e-01
  -3.5580128110010800e-01   6.1004879426572800e-01   7.0798722939187697e-01
  -3.6081534197828102e-01   1.4255235815195699e-01  -9.2167842232415598e-01
  -1.6063282825042899e-01   5.3577972353177294e-01  -8.2893738143482099e-01
  -3.5580128132868399e-01  -6.1004879449548000e-01  -7.0798722907903600e-01
  -3.6081534217244698e-01  -1.4255235815941600e-01   9.2167842224699104e-01
   5.3577972353662795e-01   8.2893738142759499e-01   1.6063282827152500e-01
  -6.1004879436938297e-01   7.0798722916695800e-01   3.5580128136993500e-01
  -1.4255235829550100e-01  -9.2167842228373098e-01   3.6081534202483301e-01
   8.2893738133328798e-01  -5.3577972367314597e-01   1.6063282830284401e-01
   7.0798722922015001e-01   6.1004879444090998e-01   3.5580128114145398e-01
  -9.2167842225460594e-01   1.4255235818298001e-01   3.6081534214368599e-01
  -5.3577972365522497e-01  -1.6063282809698901e-01  -8.2893738138476203e-01
   6.1004879448380600e-01  -3.5580128135597100e-01  -7.0798722907538203e-01
   1.4255235828876101e-01  -3.6081534233647899e-01   9.2167842216277096e-01
  -8.2893738131326100e-01  -1.6063282825415701e-01   5.3577972371872795e-01
  -7.0798722920069201e-01  -3.5580128115088999e-01  -6.1004879445798799e-01
   9.2167842239736497e-01  -3.6081534184165198e-01  -1.4255235802444199e-01
   1.6063282814633500e-01   5.3577972380746997e-01   8.2893738127679695e-01
   3.5580128141253797e-01  -6.1004879452247796e-01   7.0798722901363098e-01
   3.6081534218646100e-01  -1.4255235835186800e-01  -9.2167842221173901e-01
   1.6063282815514299e-01   8.2893738121396299e-01  -5.3577972390204298e-01
   3.5580128125778898e-01   7.0798722930970104e-01   6.1004879426913095e-01
   3.6081534192893200e-01  -9.2167842236671405e-01   1.4255235800169999e-01
  -8.2893738150377405e-01  -5.3577972345437597e-01  -1.6063282815275001e-01
  -7.0798722908282197e-01   6.1004879448844096e-01  -3.5580128133321798e-01
   9.2167842217877705e-01   1.4255235836179300e-01  -3.6081534226673800e-01
   5.3577972366448601e-01  -8.2893738135095296e-01  -1.6063282824057301e-01
  -6.1004879454704197e-01  -7.0798722906040801e-01  -3.5580128127734301e-01
  -1.4255235827308399e-01   9.2167842224558405e-01  -3.6081534213113198e-01
   8.2893738132125905e-01   1.6063282813527499e-01   5.3577972374199601e-01
   7.0798722907396205e-01   3.5580128125624799e-01  -6.1004879454361605e-01
  -9.2167842220422602e-01   3.6081534223491302e-01  -1.4255235827780299e-01
  -5.3577972360175896e-01   1.6063282843880300e-01   8.2893738135308304e-01
   6.1004879432422099e-01   3.5580128130255201e-01   7.0798722923973600e-01
   1.4255235813843900e-01   3.6081534197900600e-01  -9.2167842232596298e-01
  -1.6063282818033300e-01  -8.2893738148083995e-01  -5.3577972348158898e-01
  -3.5580128104232500e-01  -7.0798722927302504e-01   6.1004879443736204e-01
  -3.6081534218153999e-01   9.2167842220123997e-01   1.4255235843220401e-01
   5.3577972362808901e-01   1.6063282812615201e-01  -8.2893738139664996e-01
  -6.1004879443338300e-01   3.5580128118345300e-01  -7.0798722920552903e-01
  -1.4255235789038401e-01   3.6081534177015601e-01   9.2167842244608900e-01
  -5.3577972390289297e-01  -8.2893738122852301e-01   1.6063282807717100e-01
   6.1004879440350102e-01  -7.0798722925094404e-01   3.5580128114431903e-01
   1.4255235801201699e-01   9.2167842238177800e-01   3.6081534188637598e-01
  -8.2893738140607798e-01   5.3577972362671500e-01   1.6063282808208501e-01
  -7.0798722904869205e-01  -6.1004879447863403e-01   3.5580128141794798e-01
   9.2167842228964503e-01  -1.4255235813331699e-01   3.6081534207379901e-01
   1.6063282804512699e-01  -5.3577972376478700e-01  -8.2893738132399697e-01
   3.5580128121488103e-01   6.1004879440441695e-01  -7.0798722921469404e-01
   3.6081534216737798e-01   1.4255235832670901e-01   9.2167842222310103e-01
   1.6063282828755299e-01  -8.2893738142779705e-01   5.3577972353151004e-01
   3.5580128140854400e-01  -7.0798722907794098e-01  -6.1004879445017302e-01
   3.6081534205559301e-01   9.2167842226303798e-01  -1.4255235835143601e-01
  -8.2893738137459705e-01   1.6063282814493701e-01  -5.3577972365657600e-01
  -7.0798722922251500e-01   3.5580128129599597e-01   6.1004879434803105e-01
   9.2167842221424601e-01   3.6081534217876099e-01   1.4255235835514701e-01
