  -1.1940146818979200e-01   3.6946904983661899e-01   9.2153996690699702e-01
   1.1940152025514600e-01   3.6946913494997502e-01  -9.2153992603688994e-01
   2.6090066118627098e-01  -2.8777657954915498e-01  -9.2147462539972103e-01
  -2.6090062083643500e-01  -2.8777645611813402e-01   9.2147467537162997e-01
   3.7952362435690001e-01  -8.1364901268491996e-02   9.2159729350545005e-01
  -3.7952354246450098e-01  -8.1364727699144004e-02  -9.2159734255348202e-01
   3.5694420277534000e-01  -5.6506963125126097e-01  -7.4383274191355697e-01
  -3.5694426179809202e-01  -5.6506952959336598e-01   7.4383279081695997e-01
  -3.1061132560234700e-01   5.9193392313403104e-01   7.4373035103504204e-01
   3.1061139616782102e-01   5.9193398339550396e-01  -7.4373027360206900e-01
  -6.6778394598361601e-01  -2.6806710582683999e-02  -7.4387230204806398e-01
   6.6778396187519695e-01  -2.6806617560628000e-02   7.4387229113418696e-01
  -1.6547501923941599e-01  -9.6847864964881303e-01   1.8619109318688401e-01
   1.6547500353430000e-01  -9.6847865043505998e-01  -1.8619110305492301e-01
  -9.2156978783406296e-01   3.4064783705351698e-01  -1.8619392380591099e-01
   9.2156981598987797e-01   3.4064779047709598e-01   1.8619386966131499e-01
  -7.5579660301321505e-01   6.2782714180208099e-01   1.8602304935226299e-01
   7.5579654640993299e-01   6.2782714080330504e-01  -1.8602328269753299e-01
  -6.5557644820878302e-01  -4.5900008428983001e-02   7.5373251872277403e-01
   6.5557641550364099e-01  -4.5900167100642000e-02  -7.5373253750619695e-01
  -3.6689130875009102e-01  -5.4444077271948699e-01  -7.5430432357520805e-01
   3.6689129454886898e-01  -5.4444085725476099e-01   7.5430426946687501e-01
   2.8763448604992098e-01   5.9036184290511295e-01   7.5414806031473403e-01
  -2.8763452140353801e-01   5.9036185610918801e-01  -7.5414803649434303e-01
  -7.0530039190703897e-01   3.0908265167407700e-01  -6.3798062008959000e-01
   7.0530037173965199e-01   3.0908280007779498e-01   6.3798057048783097e-01
  -8.4939807753981994e-02  -7.6537020966141600e-01   6.3796055616437297e-01
   8.4939656133731001e-02  -7.6537020512894105e-01  -6.3796058178916204e-01
   6.2032789600129901e-01   4.5621058452466001e-01  -6.3801661734649995e-01
  -6.2032783332453700e-01   4.5621063547200003e-01   6.3801664185592999e-01
   6.7497665938848606e-01  -4.1505271254942899e-01  -6.1003094600693897e-01
  -6.7497664296400395e-01  -4.1505265945455799e-01   6.1003100030469104e-01
  -2.1800505695079998e-02   7.9216679083443398e-01   6.0991516906083998e-01
   2.1800411167241001e-02   7.9216676180677503e-01  -6.0991521014113703e-01
  -6.9650779400054597e-01  -3.7725206708158099e-01  -6.1037510661819105e-01
   6.9650782212583495e-01  -3.7725200878349102e-01   6.1037511055607996e-01
   9.5329076900458798e-01   2.5476163973372501e-01  -1.6227512640828601e-01
  -9.5329077069564805e-01   2.5476161191875102e-01   1.6227516014183099e-01
   6.9751667780792703e-01   6.9788248552411003e-01   1.6257466155118999e-01
  -6.9751660149550698e-01   6.9788250737145097e-01  -1.6257489518094401e-01
  -2.5604934111201300e-01  -9.5292707125502196e-01  -1.6238451830587600e-01
   2.5604938580067099e-01  -9.5292704822944996e-01   1.6238458296220001e-01
  -2.0954502012602899e-01   9.2819567327604302e-01   3.0747955485204898e-01
   2.0954483822354700e-01   9.2819573712305203e-01  -3.0747948608071801e-01
   6.9896968450319297e-01  -6.4554738966862601e-01  -3.0774981370835802e-01
  -6.9896972667415802e-01  -6.4554735236142102e-01   3.0774979618549098e-01
   9.0845021635464895e-01  -2.8265992053123401e-01   3.0793111848345001e-01
  -9.0845019349729195e-01  -2.8265992124097700e-01  -3.0793118526511298e-01
  -3.7766709068289700e-01   9.2144990134711302e-01  -9.1091426174539997e-02
   3.7766714614389901e-01   9.2144987115567201e-01   9.1091501638291994e-02
   6.0935271575925098e-01  -7.8765691828346096e-01   9.1026627296776005e-02
  -6.0935275689746504e-01  -7.8765689128151695e-01  -9.1026585557166001e-02
   9.8679093010285301e-01  -1.3407426335849601e-01  -9.0927180598670998e-02
  -9.8679093394483797e-01  -1.3407421801831901e-01   9.0927205758515997e-02
   6.1119842377907196e-01  -6.7643559006918097e-01   4.1093962969971298e-01
  -6.1119840307630202e-01  -6.7643565493679403e-01  -4.1093955371466501e-01
  -2.8041310546625797e-01   8.6758350234960102e-01  -4.1069131562959699e-01
   2.8041314445523002e-01   8.6758341633911795e-01   4.1069147070529100e-01
  -8.9155782741714795e-01  -1.9107475880329700e-01   4.1062766214598501e-01
   8.9155785890231598e-01  -1.9107474405978300e-01  -4.1062760064565501e-01
  -6.2544664808569805e-01   5.9724729402370402e-01  -5.0210771770580098e-01
   6.2544672172531002e-01   5.9724736481382701e-01   5.0210754177367400e-01
   2.0466321064459400e-01  -8.4038862632699396e-01   5.0185648042929099e-01
  -2.0466330245663500e-01  -8.4038860114650404e-01  -5.0185648515344095e-01
   8.3020217577503397e-01   2.4333193982205700e-01  -5.0155150722616104e-01
  -8.3020216595617702e-01   2.4333203614455801e-01   5.0155147674731804e-01
  -4.2184103202315898e-01   1.0458705333172499e-01   9.0061739488920800e-01
   4.2184109975458400e-01   1.0458711459388900e-01  -9.0061735605015303e-01
  -1.2000413481244100e-01  -4.1698907901961602e-01  -9.0095455801404900e-01
   1.2000406814663200e-01  -4.1698919815429297e-01   9.0095451175455998e-01
   3.0115426325029798e-01   3.1283982101470198e-01   9.0079817723708799e-01
  -3.0115413990457801e-01   3.1283979018117197e-01  -9.0079822918217001e-01
   5.1799736189428003e-01   7.7472652226055005e-01  -3.6259832980398599e-01
  -5.1799756243503103e-01   7.7472639225694395e-01   3.6259832108258100e-01
   9.2994126061770499e-01   6.0991805597091997e-02   3.6261446668708802e-01
  -9.2994128642130502e-01   6.0991819526371997e-02  -3.6261439816966701e-01
   4.1195483737848798e-01  -8.3602125278052097e-01  -3.6243851459213300e-01
  -4.1195492019430802e-01  -8.3602120821846104e-01   3.6243852325138798e-01
   6.2950332999999995e-08   9.9999999999998701e-01   1.5109012300000001e-07
   8.6597645146824598e-01  -5.0008475671999597e-01   1.4696518897500000e-04
  -8.6597651192180003e-01  -5.0008465203193697e-01  -1.4697567495400001e-04
   2.5552262113200000e-04   7.4003919146999996e-05  -9.9999996461580398e-01
  -2.5526800752900000e-04   7.4009885383000004e-05   9.9999996468038999e-01
