  -3.5523145779941001e-01  -2.7871247754538000e-02  -9.3436278015464203e-01
  -2.7871247796784002e-02  -9.3436278015260199e-01  -3.5523145780145898e-01
   3.5523145778713200e-01   2.7871247748739999e-02  -9.3436278015948304e-01
  -9.3436278015992302e-01  -3.5523145778550103e-01  -2.7871247754755999e-02
   2.7871247750709999e-02  -9.3436278015278096e-01   3.5523145780460402e-01
  -9.3436278014571905e-01   3.5523145782221899e-01   2.7871247762962001e-02
   2.7871247786712999e-02   9.3436278015306296e-01  -3.5523145780103899e-01
   9.3436278015785501e-01   3.5523145778964899e-01  -2.7871247771232000e-02
  -2.7871247753695001e-02   9.3436278015096097e-01   3.5523145780915799e-01
   9.3436278014619101e-01  -3.5523145782195398e-01   2.7871247750510000e-02
  -3.5523145778208998e-01   2.7871247767438000e-02   9.3436278016084195e-01
   3.5523145780590898e-01  -2.7871247767681000e-02   9.3436278015177898e-01
   7.7982230999013502e-01  -5.9152745508263405e-01  -2.0487175189643200e-01
  -5.9152745506882198e-01  -2.0487175185780099e-01   7.7982231001075997e-01
  -7.7982230999405799e-01   5.9152745508146898e-01  -2.0487175188486101e-01
  -2.0487175187029699e-01   7.7982231001146896e-01  -5.9152745506355997e-01
   5.9152745505899096e-01  -2.0487175188742801e-01  -7.7982231001043401e-01
  -2.0487175189922299e-01  -7.7982231000307800e-01   5.9152745506460302e-01
   5.9152745507282800e-01   2.0487175187058701e-01   7.7982231000436197e-01
   2.0487175186722700e-01  -7.7982231001723601e-01  -5.9152745505701998e-01
  -5.9152745506663096e-01   2.0487175188722501e-01  -7.7982231000469204e-01
   2.0487175191293200e-01   7.7982231000914204e-01   5.9152745505186199e-01
   7.7982231002323898e-01   5.9152745504109305e-01   2.0487175189036200e-01
  -7.7982231001929303e-01  -5.9152745504241899e-01   2.0487175190155801e-01
  -1.8352719833399800e-01   6.0123775790503697e-01   7.7770876678934198e-01
   6.0123775790993605e-01   7.7770876678151601e-01  -1.8352719835110701e-01
   1.8352719834455200e-01  -6.0123775790918299e-01   7.7770876678364498e-01
   7.7770876678495604e-01  -1.8352719838086401e-01   6.0123775789640299e-01
  -6.0123775788028100e-01   7.7770876680467205e-01   1.8352719835013201e-01
   7.7770876678583400e-01   1.8352719834934100e-01  -6.0123775790488998e-01
  -6.0123775791615597e-01  -7.7770876677954004e-01  -1.8352719833910300e-01
  -7.7770876677898204e-01   1.8352719838791001e-01   6.0123775790197997e-01
   6.0123775788380995e-01  -7.7770876680271706e-01   1.8352719834685499e-01
  -7.7770876679283996e-01  -1.8352719834921799e-01  -6.0123775789586498e-01
  -1.8352719836828901e-01  -6.0123775790040501e-01  -7.7770876678483003e-01
   1.8352719836494599e-01   6.0123775789562295e-01  -7.7770876678931500e-01
   8.5280778870904606e-01  -2.3701197095741700e-01  -4.6534310045392102e-01
  -2.3701197095677501e-01  -4.6534310044332200e-01   8.5280778871500795e-01
  -8.5280778871446805e-01   2.3701197095727300e-01  -4.6534310044405702e-01
  -4.6534310042924298e-01   8.5280778872317897e-01  -2.3701197095501600e-01
   2.3701197093754800e-01  -4.6534310046125299e-01  -8.5280778871056695e-01
  -4.6534310046747301e-01  -8.5280778870114404e-01   2.3701197095924001e-01
   2.3701197095981300e-01   4.6534310045512500e-01   8.5280778870772300e-01
   4.6534310042644700e-01  -8.5280778872653795e-01  -2.3701197094841800e-01
  -2.3701197094401899e-01   4.6534310045649702e-01  -8.5280778871136398e-01
   4.6534310047201999e-01   8.5280778870399199e-01   2.3701197094006499e-01
   8.5280778872731300e-01   2.3701197090996601e-01   4.6534310044461302e-01
  -8.5280778872092800e-01  -2.3701197091193299e-01   4.6534310045531102e-01
  -3.8310751805121401e-01  -7.6945244577049998e-01  -5.1104947246860100e-01
  -7.6945244579408001e-01  -5.1104947246129395e-01  -3.8310751801360099e-01
   3.8310751803863402e-01   7.6945244577483995e-01  -5.1104947247149701e-01
  -5.1104947248082699e-01  -3.8310751801304699e-01  -7.6945244578138206e-01
   7.6945244577951999e-01  -5.1104947248454802e-01   3.8310751801182502e-01
  -5.1104947245122900e-01   3.8310751802862503e-01   7.6945244579328498e-01
   7.6945244578584204e-01   5.1104947246349097e-01  -3.8310751802721499e-01
   5.1104947247065602e-01   3.8310751801048498e-01  -7.6945244578941296e-01
  -7.6945244576915395e-01   5.1104947249148303e-01   3.8310751802339199e-01
   5.1104947246481103e-01  -3.8310751803722098e-01   7.6945244577998395e-01
  -3.8310751801433901e-01   7.6945244578257899e-01   5.1104947247805599e-01
   3.8310751802083398e-01  -7.6945244578774796e-01   5.1104947246540500e-01
  -3.1590534362862001e-02  -2.2760142556584001e-01  -9.7324181436016499e-01
  -2.2760142557859600e-01  -9.7324181435771795e-01  -3.1590534346356003e-02
   3.1590534350527000e-02   2.2760142555801299e-01  -9.7324181436239598e-01
  -9.7324181436366097e-01  -3.1590534339698002e-02  -2.2760142555410601e-01
   2.2760142552991700e-01  -9.7324181436894097e-01   3.1590534351310998e-02
  -9.7324181436206203e-01   3.1590534378376001e-02   2.2760142555557600e-01
   2.2760142556560600e-01   9.7324181436077295e-01  -3.1590534345837001e-02
   9.7324181436108403e-01   3.1590534340229001e-02  -2.2760142556505400e-01
  -2.2760142553933199e-01   9.7324181436662405e-01   3.1590534354876999e-02
   9.7324181436538304e-01  -3.1590534374563002e-02   2.2760142554190199e-01
  -3.1590534332686000e-02   2.2760142555725099e-01   9.7324181436315305e-01
   3.1590534359311001e-02  -2.2760142556653601e-01   9.7324181436011803e-01
   5.7735026921152899e-01   5.7735026916900800e-01   5.7735026918833998e-01
  -5.7735026920251498e-01  -5.7735026916496102e-01   5.7735026920140098e-01
  -5.7735026918464405e-01   5.7735026919223997e-01  -5.7735026919199395e-01
   5.7735026917685905e-01  -5.7735026919538401e-01  -5.7735026919663401e-01
