   3.8519777208002598e-01   1.1319317524204400e-01  -9.1586570056051797e-01
   9.0701000708132296e-01  -3.5919611671723101e-01   2.1979762689710799e-01
   7.1166984560052904e-01   5.3152896287366003e-01  -4.5935062042994002e-01
   4.8848266232503801e-01   4.5834406753007201e-01  -7.4249943055051004e-01
  -9.7032074335204599e-01  -4.0111133366780002e-02   2.3847170062874601e-01
   2.9668050314724798e-01   8.5756459645828897e-01  -4.2019476668995698e-01
   3.0850566128606099e-01  -1.5818319696713001e-02   9.5109097236616802e-01
  -4.8076636410420298e-01  -6.9608170155609495e-01   5.3322975151879504e-01
   3.7116747365550801e-01  -4.2891526944527097e-01   8.2356930378498105e-01
   1.4120883200177400e-01  -8.6723154377405898e-01  -4.7746153274160003e-01
  -6.3667812663238499e-01   1.0998181465827300e-01  -7.6324633213160598e-01
   9.9097482523163000e-02   7.0717741723482097e-01   7.0005699018769796e-01
   9.8503866352344996e-02  -9.8927444993004598e-01  -1.0785662255626900e-01
  -5.4538231521600200e-01   7.8959579527649004e-01   2.8124119600677400e-01
   5.5004369446238199e-01  -8.3311791253285195e-01  -5.8021358128510003e-02
  -2.4009337889642199e-01   7.7780696406049799e-01   5.8083689282714301e-01
  -8.5863432399856898e-01   4.9481832428292999e-01  -1.3379807026019799e-01
   2.3218000000000001e-11   2.2987999999999999e-11  -1.0000000000000000e+00
  -1.1319317518218000e-01   3.8519777208020700e-01  -9.1586570056784000e-01
   3.5919611668461998e-01   9.0701000710547897e-01   2.1979762685071899e-01
  -5.3152896290616503e-01   7.1166984556367396e-01  -4.5935062044942598e-01
  -4.5834406746051298e-01   4.8848266232523602e-01  -7.4249943059331902e-01
   4.0111133338848998e-02  -9.7032074336855800e-01   2.3847170056625699e-01
  -8.5756459641572902e-01   2.9668050314057898e-01  -4.2019476678152601e-01
   1.5818319742637001e-02   3.0850566130593099e-01   9.5109097235895901e-01
   6.9608170152933102e-01  -4.8076636411559598e-01   5.3322975154346097e-01
   4.2891526950548597e-01   3.7116747371159797e-01   8.2356930372834303e-01
   8.6723154379246203e-01   1.4120883202504600e-01  -4.7746153270129099e-01
  -1.0998181472081300e-01  -6.3667812660728995e-01  -7.6324633214352799e-01
  -7.0717741730506900e-01   9.9097482568279993e-02   7.0005699011034905e-01
   9.8927444994012104e-01   9.8503866254555997e-02  -1.0785662255316500e-01
  -7.8959579522601298e-01  -5.4538231526789704e-01   2.8124119604785502e-01
   8.3311791259476597e-01   5.5004369437159994e-01  -5.8021358100117000e-02
  -7.7780696405477601e-01  -2.4009337891184199e-01   5.8083689282843198e-01
  -4.9481832430967299e-01  -8.5863432397807105e-01  -1.3379807029284299e-01
  -3.8519777202868299e-01  -1.1319317521465801e-01  -9.1586570058549699e-01
  -9.0701000709614599e-01   3.5919611671341600e-01   2.1979762684217199e-01
  -7.1166984560865998e-01  -5.3152896288563400e-01  -4.5935062040348701e-01
  -4.8848266237884602e-01  -4.5834406746889500e-01  -7.4249943055287504e-01
   9.7032074335410001e-01   4.0111133352896997e-02   2.3847170062272099e-01
  -2.9668050312958699e-01  -8.5756459642576999e-01  -4.2019476676879502e-01
  -3.0850566135032698e-01   1.5818319732107001e-02   9.5109097234473305e-01
   4.8076636410695400e-01   6.9608170155840898e-01   5.3322975151329499e-01
  -3.7116747372380299e-01   4.2891526941436497e-01   8.2356930377029802e-01
  -1.4120883205541601e-01   8.6723154379363598e-01  -4.7746153269017599e-01
   6.3667812665261403e-01  -1.0998181464953601e-01  -7.6324633211599002e-01
  -9.9097482538910001e-02  -7.0717741732327399e-01   7.0005699009611599e-01
  -9.8503866317180000e-02   9.8927444993600600e-01  -1.0785662253371600e-01
   5.4538231524073599e-01  -7.8959579525478196e-01   2.8124119601975700e-01
  -5.5004369443864398e-01   8.3311791254793099e-01  -5.8021358137035003e-02
   2.4009337892907701e-01  -7.7780696408307903e-01   5.8083689278340700e-01
   8.5863432401079298e-01  -4.9481832426581701e-01  -1.3379807024504400e-01
   1.1319317523836900e-01  -3.8519777205607603e-01  -9.1586570057104499e-01
  -3.5919611671104301e-01  -9.0701000710726398e-01   2.1979762680017101e-01
   5.3152896286511098e-01  -7.1166984560608504e-01  -4.5935062043122499e-01
   4.5834406747596301e-01  -4.8848266233771998e-01  -7.4249943057556800e-01
  -4.0111133340338001e-02   9.7032074335182295e-01   2.3847170063410100e-01
   8.5756459639686100e-01  -2.9668050319455203e-01  -4.2019476678192502e-01
  -1.5818319749189000e-02  -3.0850566137537699e-01   9.5109097233632400e-01
  -6.9608170153193105e-01   4.8076636417204199e-01   5.3322975148917495e-01
  -4.2891526943853298e-01  -3.7116747369403402e-01   8.2356930377112703e-01
  -8.6723154379355105e-01  -1.4120883201665901e-01  -4.7746153270179298e-01
   1.0998181468190200e-01   6.3667812669837598e-01  -7.6324633207315296e-01
   7.0717741722479399e-01  -9.9097482550264002e-02   7.0005699019399203e-01
  -9.8927444993915503e-01  -9.8503866295293993e-02  -1.0785662252481400e-01
   7.8959579522860501e-01   5.4538231527455605e-01   2.8124119602766501e-01
  -8.3311791257537404e-01  -5.5004369440234802e-01  -5.8021358087063997e-02
   7.7780696410408201e-01   2.4009337887743101e-01   5.8083689277662898e-01
   4.9481832434902401e-01   8.5863432396018402e-01  -1.3379807026210000e-01
