   0.0000000000000000e+00   1.0000000000000000e+00   0.0000000000000000e+00
   0.0000000000000000e+00   3.0901699437494745e-01   9.5105651629515353e-01
   0.0000000000000000e+00  -8.0901699437494745e-01  -5.8778525229247314e-01
   0.0000000000000000e+00  -8.0901699437494745e-01   5.8778525229247314e-01
   0.0000000000000000e+00   3.0901699437494745e-01  -9.5105651629515353e-01
   7.0710678118654757e-01   7.0710678118654757e-01   0.0000000000000000e+00
   7.0710678118654757e-01   2.1850801222441055e-01   6.7249851196395738e-01
   7.0710678118654757e-01  -5.7206140281768425e-01  -4.1562693777745341e-01
   7.0710678118654757e-01  -5.7206140281768425e-01   4.1562693777745341e-01
   7.0710678118654757e-01   2.1850801222441055e-01  -6.7249851196395738e-01
  -7.0710678118654757e-01   7.0710678118654757e-01   0.0000000000000000e+00
  -7.0710678118654757e-01   2.1850801222441055e-01  -6.7249851196395738e-01
  -7.0710678118654757e-01  -5.7206140281768425e-01   4.1562693777745341e-01
  -7.0710678118654757e-01  -5.7206140281768425e-01  -4.1562693777745341e-01
  -7.0710678118654757e-01   2.1850801222441055e-01   6.7249851196395738e-01
