   2.8364792447333997e-01   7.8995875258990500e-01  -5.4360741730459206e-01
  -4.8970034638825299e-01   8.5369628442948897e-01  -1.7718979851704400e-01
   3.1622868011212202e-01   3.5390635047111998e-02   9.4802263940557197e-01
   6.5514841052620698e-01  -5.2024834293965805e-01   5.4783411892061296e-01
   5.8302356772768904e-01   6.2214869650697002e-01   5.2250791277142905e-01
   1.7977739795454201e-01   9.7964722641019497e-01  -8.9282691332118996e-02
   9.2737744674801403e-01   2.2882792956147999e-01   2.9598792190854700e-01
   9.2067380762823003e-02  -6.7881220851772495e-01  -7.2851738686647904e-01
   4.9073696317209903e-01  -1.3273010343149200e-01  -8.6113875340719204e-01
  -2.9999999999999998e-15  -1.0000000000000000e+00  -1.7999999999999999e-14
  -8.6602539992629501e-01   5.0000000668249900e-01  -4.6352304000000001e-08
   8.6602539992629401e-01   5.0000000668250000e-01   4.6352320999999997e-08
  -2.8364792447329801e-01   7.8995875258992498e-01   5.4360741730458495e-01
   4.8970034638826099e-01   8.5369628442949197e-01   1.7718979851700500e-01
  -3.1622868011214100e-01   3.5390635047130997e-02  -9.4802263940556497e-01
  -6.5514841052619599e-01  -5.2024834293966604e-01  -5.4783411892061895e-01
  -5.8302356772768704e-01   6.2214869650696802e-01  -5.2250791277143405e-01
  -1.7977739795454301e-01   9.7964722641019497e-01   8.9282691332125005e-02
  -9.2737744674802303e-01   2.2882792956148601e-01  -2.9598792190851603e-01
  -9.2067380762820006e-02  -6.7881220851771595e-01   7.2851738686648704e-01
  -4.9073696317212201e-01  -1.3273010343148400e-01   8.6113875340718005e-01
   8.2594826710195002e-01  -1.4933314941264300e-01   5.4360745999092697e-01
   4.9447249929217202e-01  -8.5094109792251904e-01   1.7718971558803900e-01
   1.8876348607825799e-01   2.5616679068529002e-01  -9.4802263774320406e-01
  -1.2297398511983000e-01   8.2749935908122596e-01  -5.4783410783183994e-01
   8.3030837331964202e-01   1.9383884808762100e-01  -5.2250790057888596e-01
   9.3828807641807699e-01  -3.3413183263167201e-01   8.9282719906290997e-02
   6.6185960170707503e-01   6.8871838978356503e-01  -2.9598791732448398e-01
  -5.4183493508451197e-01   4.1913892427928301e-01   7.2851730609229104e-01
   1.3042079770357801e-01   4.9135571299732900e-01   8.6113876862631700e-01
  -8.2594826710196101e-01  -1.4933314941265999e-01  -5.4360745999090498e-01
  -4.9447249929217502e-01  -8.5094109792251904e-01  -1.7718971558803501e-01
  -1.8876348607829799e-01   2.5616679068528297e-01   9.4802263774319795e-01
   1.2297398511987701e-01   8.2749935908121297e-01   5.4783410783184805e-01
  -8.3030837331963203e-01   1.9383884808762400e-01   5.2250790057889995e-01
  -9.3828807641808099e-01  -3.3413183263166302e-01  -8.9282719906285002e-02
  -6.6185960170705804e-01   6.8871838978359401e-01   2.9598791732445401e-01
   5.4183493508449998e-01   4.1913892427923199e-01  -7.2851730609232901e-01
  -1.3042079770361201e-01   4.9135571299734998e-01  -8.6113876862630001e-01
   5.4230030951118202e-01  -6.4062568883163196e-01  -5.4360748809510795e-01
   9.8417283882172102e-01  -2.7551819153089998e-03  -1.7718981996212099e-01
  -1.2746522461584600e-01  -2.9155729071617598e-01   9.4802265940423402e-01
  -7.7812245643339495e-01  -3.0725114047490398e-01   5.4783408023865299e-01
   2.4728480038765899e-01  -8.1598759523670805e-01   5.2250786780396896e-01
   7.5851070881743199e-01  -6.4551537722537000e-01  -8.9282710391573997e-02
  -2.6551784170400200e-01  -9.1754639670770000e-01   2.9598798223165201e-01
  -6.3390245108179299e-01   2.5967336432466798e-01  -7.2851727939205702e-01
  -3.6031611116943901e-01  -3.5862551450313501e-01  -8.6113880436262702e-01
  -5.4230030951116603e-01  -6.4062568883165805e-01   5.4360748809509296e-01
  -9.8417283882171402e-01  -2.7551819153180000e-03   1.7718981996215599e-01
   1.2746522461582699e-01  -2.9155729071617797e-01  -9.4802265940423502e-01
   7.7812245643340605e-01  -3.0725114047487401e-01  -5.4783408023865299e-01
  -2.4728480038765099e-01  -8.1598759523670605e-01  -5.2250786780397696e-01
  -7.5851070881742799e-01  -6.4551537722537600e-01   8.9282710391563005e-02
   2.6551784170403497e-01  -9.1754639670768900e-01  -2.9598798223165601e-01
   6.3390245108175203e-01   2.5967336432468302e-01   7.2851727939208699e-01
   3.6031611116943502e-01  -3.5862551450315100e-01   8.6113880436262202e-01
