   8.5065080835200002e-01   0.0000000000000000e+00  -5.2573111211900003e-01
   5.2573111211900003e-01  -8.5065080835200002e-01   0.0000000000000000e+00
   0.0000000000000000e+00  -5.2573111211900003e-01   8.5065080835200002e-01
   8.5065080835200002e-01   0.0000000000000000e+00   5.2573111211900003e-01
  -5.2573111211900003e-01  -8.5065080835200002e-01   0.0000000000000000e+00
   0.0000000000000000e+00   5.2573111211900003e-01  -8.5065080835200002e-01
  -8.5065080835200002e-01   0.0000000000000000e+00  -5.2573111211900003e-01
  -5.2573111211900003e-01   8.5065080835200002e-01   0.0000000000000000e+00
   0.0000000000000000e+00   5.2573111211900003e-01   8.5065080835200002e-01
  -8.5065080835200002e-01   0.0000000000000000e+00   5.2573111211900003e-01
   5.2573111211900003e-01   8.5065080835200002e-01   0.0000000000000000e+00
   0.0000000000000000e+00  -5.2573111211900003e-01  -8.5065080835200002e-01
