  -6.5733456723000006e-01   4.5462930559100001e-01   6.0101868625099997e-01
  -8.3755255504100001e-01   5.1991655086900002e-01  -1.6790621690700000e-01
  -4.1017372639000002e-02  -8.4777862013000005e-01   5.2876174823099997e-01
   7.3894899927999996e-02  -4.0440633540100002e-01   9.1158930426600004e-01
   0.0000000000000000e+00  -1.0000000000000000e+00   0.0000000000000000e+00
   7.8183148246800005e-01  -6.2348980185900005e-01   0.0000000000000000e+00
   9.7492791218200003e-01   2.2252093395600001e-01   0.0000000000000000e+00
   4.3388373911799999e-01   9.0096886790200004e-01   0.0000000000000000e+00
  -4.3388373911799999e-01   9.0096886790200004e-01   0.0000000000000000e+00
  -9.7492791218200003e-01   2.2252093395600001e-01   0.0000000000000000e+00
  -7.8183148246800005e-01  -6.2348980185900005e-01   0.0000000000000000e+00
  -7.6528490304100005e-01  -2.3046812351199999e-01   6.0101868625099997e-01
  -9.2869260431500000e-01  -3.3066228846800000e-01  -1.6790621690700000e-01
   6.3724610184099995e-01  -5.6064999714200003e-01   5.2876174823099997e-01
   3.6225032124099998e-01  -1.9436986677199999e-01   9.1158930426600004e-01
   6.5733456723000006e-01   4.5462930559100001e-01  -6.0101868625099997e-01
   8.3755255504100001e-01   5.1991655086900002e-01   1.6790621690700000e-01
   4.1017372639000002e-02  -8.4777862013000005e-01  -5.2876174823099997e-01
  -7.3894899927999996e-02  -4.0440633540100002e-01  -9.1158930426600004e-01
  -2.9696009789500000e-01  -7.4201835491799994e-01   6.0101868625099997e-01
  -3.2050818066199999e-01  -9.3224568030800004e-01  -1.6790621690700000e-01
   8.3565026418400001e-01   1.4865950886900001e-01   5.2876174823099997e-01
   3.7782386209899999e-01   1.6203107595899999e-01   9.1158930426600004e-01
   5.4397895113000000e-02   7.9738159483700000e-01  -6.0101868625099997e-01
   1.1571834886300000e-01   9.7898762303700004e-01   1.6790621690700000e-01
   6.8839392891999995e-01  -4.9651265062700001e-01  -5.2876174823099997e-01
   2.7010488821099998e-01  -3.0991658508699998e-01  -9.1158930426600004e-01
   3.9498171784800001e-01  -6.9481363065500001e-01   6.0101868625099997e-01
   5.2902544020400000e-01  -8.3182906052899996e-01  -1.6790621690700000e-01
   4.0479273343700001e-01   7.4602537260099999e-01   5.2876174823099997e-01
   1.0888832859500000e-01   3.9641931366099997e-01   9.1158930426600004e-01
  -5.8950150153900005e-01   5.3968927955000001e-01  -6.0101868625099997e-01
  -6.9325413423299997e-01   7.0086104734999999e-01   1.6790621690700000e-01
   8.1739581604699996e-01   2.2863747180999999e-01  -5.2876174823099997e-01
   4.1071018639200002e-01   1.7946674943000000e-02  -9.1158930426600004e-01
   7.8949424389199996e-01  -1.2440007089299999e-01   6.0101868625099997e-01
   9.8019211444499998e-01  -1.0502819195099999e-01  -1.6790621690700000e-01
  -3.3088198185500001e-01   7.8161891461999999e-01   5.2876174823099997e-01
  -2.4204233725900001e-01   3.3229572269600000e-01   9.1158930426600004e-01
  -7.8949424389199996e-01  -1.2440007089299999e-01  -6.0101868625099997e-01
  -9.8019211444499998e-01  -1.0502819195099999e-01   1.6790621690700000e-01
   3.3088198185500001e-01   7.8161891461999999e-01  -5.2876174823099997e-01
   2.4204233725900001e-01   3.3229572269600000e-01  -9.1158930426600004e-01
   5.8950150153900005e-01   5.3968927955000001e-01   6.0101868625099997e-01
   6.9325413423299997e-01   7.0086104734999999e-01  -1.6790621690700000e-01
  -8.1739581604699996e-01   2.2863747180999999e-01   5.2876174823099997e-01
  -4.1071018639200002e-01   1.7946674943000000e-02   9.1158930426600004e-01
  -3.9498171784800001e-01  -6.9481363065500001e-01  -6.0101868625099997e-01
  -5.2902544020400000e-01  -8.3182906052899996e-01   1.6790621690700000e-01
  -4.0479273343700001e-01   7.4602537260099999e-01  -5.2876174823099997e-01
  -1.0888832859500000e-01   3.9641931366099997e-01  -9.1158930426600004e-01
  -5.4397895113000000e-02   7.9738159483700000e-01   6.0101868625099997e-01
  -1.1571834886300000e-01   9.7898762303700004e-01  -1.6790621690700000e-01
  -6.8839392891999995e-01  -4.9651265062700001e-01   5.2876174823099997e-01
  -2.7010488821099998e-01  -3.0991658508699998e-01   9.1158930426600004e-01
   2.9696009789500000e-01  -7.4201835491799994e-01  -6.0101868625099997e-01
   3.2050818066199999e-01  -9.3224568030800004e-01   1.6790621690700000e-01
  -8.3565026418400001e-01   1.4865950886900001e-01  -5.2876174823099997e-01
  -3.7782386209899999e-01   1.6203107595899999e-01  -9.1158930426600004e-01
   7.6528490304100005e-01  -2.3046812351199999e-01  -6.0101868625099997e-01
   9.2869260431500000e-01  -3.3066228846800000e-01   1.6790621690700000e-01
  -6.3724610184099995e-01  -5.6064999714200003e-01  -5.2876174823099997e-01
  -3.6225032124099998e-01  -1.9436986677199999e-01  -9.1158930426600004e-01
