   8.6624681810782056e-01   4.2251865376111153e-01   2.6663540151670473e-01
   8.6624681810782056e-01  -4.2251865376111153e-01  -2.6663540151670473e-01
   8.6624681810782056e-01   2.6663540151670473e-01  -4.2251865376111153e-01
   8.6624681810782056e-01  -2.6663540151670473e-01   4.2251865376111153e-01
  -8.6624681810782056e-01   4.2251865376111153e-01  -2.6663540151670473e-01
  -8.6624681810782056e-01  -4.2251865376111153e-01   2.6663540151670473e-01
  -8.6624681810782056e-01   2.6663540151670473e-01   4.2251865376111153e-01
  -8.6624681810782056e-01  -2.6663540151670473e-01  -4.2251865376111153e-01
   2.6663540151670473e-01   8.6624681810782056e-01   4.2251865376111153e-01
  -2.6663540151670473e-01   8.6624681810782056e-01  -4.2251865376111153e-01
  -4.2251865376111153e-01   8.6624681810782056e-01   2.6663540151670473e-01
   4.2251865376111153e-01   8.6624681810782056e-01  -2.6663540151670473e-01
  -2.6663540151670473e-01  -8.6624681810782056e-01   4.2251865376111153e-01
   2.6663540151670473e-01  -8.6624681810782056e-01  -4.2251865376111153e-01
   4.2251865376111153e-01  -8.6624681810782056e-01   2.6663540151670473e-01
  -4.2251865376111153e-01  -8.6624681810782056e-01  -2.6663540151670473e-01
   4.2251865376111153e-01   2.6663540151670473e-01   8.6624681810782056e-01
  -4.2251865376111153e-01  -2.6663540151670473e-01   8.6624681810782056e-01
   2.6663540151670473e-01  -4.2251865376111153e-01   8.6624681810782056e-01
  -2.6663540151670473e-01   4.2251865376111153e-01   8.6624681810782056e-01
   4.2251865376111153e-01  -2.6663540151670473e-01  -8.6624681810782056e-01
  -4.2251865376111153e-01   2.6663540151670473e-01  -8.6624681810782056e-01
   2.6663540151670473e-01   4.2251865376111153e-01  -8.6624681810782056e-01
  -2.6663540151670473e-01  -4.2251865376111153e-01  -8.6624681810782056e-01
