   9.7943208549000005e-01   0.0000000000000000e+00   2.0177410615200000e-01
  -3.2647736184300002e-01  -4.0354821232799998e-01  -8.5472882982300002e-01
  -9.7943208549000005e-01   0.0000000000000000e+00  -2.0177410615200000e-01
  -6.5295472364700002e-01   2.0177410617600000e-01   7.3002557417100000e-01
   3.2647736184300002e-01   4.0354821232799998e-01   8.5472882982300002e-01
   6.5295472364700002e-01  -2.0177410617600000e-01  -7.3002557417100000e-01
   3.2647736184300002e-01  -4.0354821232799998e-01   8.5472882982300002e-01
   6.5295472364700002e-01   2.0177410617600000e-01  -7.3002557417100000e-01
  -3.2647736184300002e-01   4.0354821232799998e-01  -8.5472882982300002e-01
  -6.5295472364700002e-01  -2.0177410617600000e-01   7.3002557417100000e-01
   4.0354821232799998e-01  -8.5472882982300002e-01  -3.2647736184300002e-01
  -8.5472882982300002e-01   3.2647736184300002e-01  -4.0354821232799998e-01
  -4.0354821232799998e-01   8.5472882982300002e-01   3.2647736184300002e-01
   8.5472882982300002e-01  -3.2647736184300002e-01   4.0354821232799998e-01
  -7.3002557417100000e-01  -6.5295472364700002e-01   2.0177410617600000e-01
   2.0177410617600000e-01   7.3002557417100000e-01   6.5295472364700002e-01
   7.3002557417100000e-01   6.5295472364700002e-01  -2.0177410617600000e-01
  -2.0177410617600000e-01  -7.3002557417100000e-01  -6.5295472364700002e-01
  -4.0354821232799998e-01  -8.5472882982300002e-01   3.2647736184300002e-01
   8.5472882982300002e-01   3.2647736184300002e-01   4.0354821232799998e-01
   4.0354821232799998e-01   8.5472882982300002e-01  -3.2647736184300002e-01
  -8.5472882982300002e-01  -3.2647736184300002e-01  -4.0354821232799998e-01
   7.3002557417100000e-01  -6.5295472364700002e-01  -2.0177410617600000e-01
  -2.0177410617600000e-01   7.3002557417100000e-01  -6.5295472364700002e-01
  -7.3002557417100000e-01   6.5295472364700002e-01   2.0177410617600000e-01
   2.0177410617600000e-01  -7.3002557417100000e-01   6.5295472364700002e-01
   0.0000000000000000e+00  -2.0177410615200000e-01  -9.7943208549000005e-01
   0.0000000000000000e+00   2.0177410615200000e-01   9.7943208549000005e-01
  -7.3002557417100000e-01  -6.5295472364700002e-01  -2.0177410617600000e-01
  -2.0177410615200000e-01   9.7943208549000005e-01   0.0000000000000000e+00
   7.3002557417100000e-01   6.5295472364700002e-01   2.0177410617600000e-01
   2.0177410615200000e-01  -9.7943208549000005e-01   0.0000000000000000e+00
  -8.5472882982300002e-01   3.2647736184300002e-01   4.0354821232799998e-01
   8.5472882982300002e-01  -3.2647736184300002e-01  -4.0354821232799998e-01
   0.0000000000000000e+00  -2.0177410615200000e-01   9.7943208549000005e-01
   0.0000000000000000e+00   2.0177410615200000e-01  -9.7943208549000005e-01
   7.3002557417100000e-01  -6.5295472364700002e-01   2.0177410617600000e-01
   2.0177410615200000e-01   9.7943208549000005e-01   0.0000000000000000e+00
  -7.3002557417100000e-01   6.5295472364700002e-01  -2.0177410617600000e-01
  -2.0177410615200000e-01  -9.7943208549000005e-01   0.0000000000000000e+00
   8.5472882982300002e-01   3.2647736184300002e-01  -4.0354821232799998e-01
  -8.5472882982300002e-01  -3.2647736184300002e-01   4.0354821232799998e-01
  -4.0354821232799998e-01  -8.5472882982300002e-01  -3.2647736184300002e-01
   2.0177410617600000e-01   7.3002557417100000e-01  -6.5295472364700002e-01
   4.0354821232799998e-01   8.5472882982300002e-01   3.2647736184300002e-01
  -2.0177410617600000e-01  -7.3002557417100000e-01   6.5295472364700002e-01
  -6.5295472364700002e-01   2.0177410617600000e-01  -7.3002557417100000e-01
   6.5295472364700002e-01  -2.0177410617600000e-01   7.3002557417100000e-01
  -3.2647736184300002e-01  -4.0354821232799998e-01   8.5472882982300002e-01
  -4.0354821232799998e-01   8.5472882982300002e-01  -3.2647736184300002e-01
   3.2647736184300002e-01   4.0354821232799998e-01  -8.5472882982300002e-01
   4.0354821232799998e-01  -8.5472882982300002e-01   3.2647736184300002e-01
  -2.0177410617600000e-01   7.3002557417100000e-01   6.5295472364700002e-01
   2.0177410617600000e-01  -7.3002557417100000e-01  -6.5295472364700002e-01
   6.5295472364700002e-01   2.0177410617600000e-01   7.3002557417100000e-01
  -6.5295472364700002e-01  -2.0177410617600000e-01  -7.3002557417100000e-01
   3.2647736184300002e-01  -4.0354821232799998e-01  -8.5472882982300002e-01
  -3.2647736184300002e-01   4.0354821232799998e-01   8.5472882982300002e-01
  -9.7943208549000005e-01   0.0000000000000000e+00   2.0177410615200000e-01
   9.7943208549000005e-01   0.0000000000000000e+00  -2.0177410615200000e-01
