   3.3673698805289898e-01   6.6123093482924700e-01   6.7035949437738396e-01
   8.9587633226092200e-01  -1.1738020198390600e-01  -4.2851777731727198e-01
   1.8809219385622400e-01   9.5814448700490096e-01   2.1582508805157199e-01
   6.8142492609215399e-01  -6.3676834137949700e-01   3.6081317813670100e-01
   4.9956580174168000e-02   4.3366466163028500e-01   8.9968844682500604e-01
   8.7741070947963395e-01  -4.7028227331787098e-01  -9.4789399689097997e-02
   2.8685551744659399e-01   6.1583082305928005e-01  -7.3380263659963596e-01
   1.1858460000000000e-09  -8.2923900000000001e-10   1.0000000000000000e+00
   2.5621220000000001e-09   3.0189599999999998e-10  -1.0000000000000000e+00
  -3.3673722944918100e-01   6.6123077852526002e-01  -6.7035952729394999e-01
  -8.9587628613807002e-01  -1.1738042839100700e-01   4.2851781172572301e-01
  -1.8809249698839500e-01   9.5814441064786404e-01  -2.1582516285393799e-01
  -6.8142475974993200e-01  -6.3676852338229895e-01  -3.6081317108619199e-01
  -4.9956747337961002e-02   4.3366463815567502e-01  -8.9968844885811405e-01
  -8.7741060539390103e-01  -4.7028245841573602e-01   9.4789444817236002e-02
  -2.8685576084198600e-01   6.1583068613368197e-01   7.3380265636469599e-01
   6.6123077722916002e-01   3.3673722952327700e-01  -6.7035952853517999e-01
  -1.1738043088220000e-01   8.9587628808386299e-01   4.2851780697537900e-01
   9.5814441039634102e-01   1.8809249708808301e-01  -2.1582516388367901e-01
  -6.3676852342354096e-01   6.8142475857008000e-01  -3.6081317324165402e-01
   4.3366464186589199e-01   4.9956744257502003e-02  -8.9968844724077601e-01
  -4.7028246287796499e-01   8.7741060331567700e-01   9.4789441915520994e-02
   6.1583068478820502e-01   2.8685576565711901e-01   7.3380265561154701e-01
  -6.6123093350093998e-01   3.3673698955621201e-01   6.7035949493245395e-01
   1.1738020162053400e-01   8.9587633200796801e-01  -4.2851777794564500e-01
  -9.5814448717389200e-01   1.8809219324974699e-01   2.1582508782988899e-01
   6.3676834188059495e-01   6.8142492712293801e-01   3.6081317530563900e-01
  -4.3366465945716998e-01   4.9956582969633997e-02   8.9968844771726098e-01
   4.7028227285445301e-01   8.7741070961330903e-01  -9.4789400750921002e-02
  -6.1583082285537905e-01   2.8685551571919399e-01  -7.3380263744602403e-01
   6.6123093404434097e-01  -3.3673698633845900e-01   6.7035949601280498e-01
  -1.1738020264236800e-01  -8.9587633324180205e-01  -4.2851777508624000e-01
   9.5814448696900001e-01  -1.8809219488329099e-01   2.1582508731586000e-01
  -6.3676834456579601e-01  -6.8142492306097702e-01   3.6081317823809900e-01
   4.3366466193364100e-01  -4.9956577203145003e-02   8.9968844684375404e-01
  -4.7028227455869298e-01  -8.7741070918594999e-01  -9.4789396251430999e-02
   6.1583082404684397e-01  -2.8685552188293401e-01  -7.3380263403660195e-01
   3.3673722778056397e-01  -6.6123078120868395e-01  -6.7035952548525402e-01
   8.9587628728244795e-01   1.1738042901428400e-01   4.2851780916251297e-01
   1.8809249446116999e-01  -9.5814441205668299e-01  -2.1582515880204800e-01
   6.8142476135555996e-01   6.3676852180835497e-01  -3.6081317083155501e-01
   4.9956747452214997e-02  -4.3366463925705201e-01  -8.9968844832088801e-01
   8.7741060478122801e-01   4.7028245936776603e-01   9.4789445765045000e-02
   2.8685576439097099e-01  -6.1583068291439402e-01   7.3380265767906705e-01
  -6.6123077827968901e-01  -3.3673723016266000e-01  -6.7035952717778002e-01
   1.1738042870222400e-01  -8.9587628616083204e-01   4.2851781159288799e-01
  -9.5814441037878195e-01  -1.8809249726776700e-01  -2.1582516380503700e-01
   6.3676852062300804e-01  -6.8142476349996595e-01  -3.6081316887359000e-01
  -4.3366463778914000e-01  -4.9956749047974001e-02  -8.9968844893983801e-01
   4.7028246019677300e-01  -8.7741060413017502e-01   9.4789447678482006e-02
  -6.1583068278361497e-01  -2.8685576087084702e-01   7.3380265916489695e-01
  -3.3673698969328397e-01  -6.6123093213000905e-01   6.7035949621586199e-01
  -8.9587633197396299e-01   1.1738020228992500e-01  -4.2851777783337602e-01
  -1.8809219604852800e-01  -9.5814448577435696e-01   2.1582509160390601e-01
  -6.8142492493517604e-01   6.3676834247947900e-01   3.6081317838048399e-01
  -4.9956579093901998e-02  -4.3366466146669003e-01   8.9968844696384598e-01
  -8.7741071025034600e-01   4.7028227230952901e-01  -9.4789397557796001e-02
  -2.8685551670833098e-01  -6.1583082481937002e-01  -7.3380263541111002e-01
