  -6.1562894233392096e-01   1.0081956335506401e-01   7.8156024784127298e-01
   3.9512677619871700e-01   4.8274052081351299e-01   7.8156024738692198e-01
   2.2050216605060199e-01  -5.8356008802193504e-01   7.8156024619655795e-01
  -4.1647425853475900e-01   6.6588693444299496e-01   6.1898609234459701e-01
  -3.6843787615164902e-01  -6.9362075562888004e-01   6.1898608932485999e-01
   7.8491213312700503e-01   2.7733820460458001e-02   6.1898608907848796e-01
  -9.7534449394298495e-01   2.1766796675869299e-01   3.6383710396809002e-02
   6.7617823144818801e-01   7.3583912984929500e-01   3.6383709242380997e-02
   2.9916626116563200e-01  -9.5350709169397696e-01   3.6383708847096997e-02
   7.5067520440883995e-01  -5.6628579315646199e-01   3.4030447830568400e-01
   1.1508027940342200e-01   9.3324669387739900e-01   3.4030447787141399e-01
  -8.6575548699723104e-01  -3.6696089909890800e-01   3.4030447435599298e-01
   2.0315259999999999e-09  -1.9572570000000002e-09   1.0000000000000000e+00
  -2.0315250000000000e-09  -1.9572570000000002e-09  -1.0000000000000000e+00
   8.6575548699723104e-01  -3.6696089909890700e-01  -3.4030447435599198e-01
  -1.1508027940342100e-01   9.3324669387739800e-01  -3.4030447787141499e-01
  -7.5067520440883995e-01  -5.6628579315646199e-01  -3.4030447830568400e-01
  -2.9916626116563200e-01  -9.5350709169397696e-01  -3.6383708847096997e-02
  -6.7617823144818701e-01   7.3583912984929500e-01  -3.6383709242379998e-02
   9.7534449394298495e-01   2.1766796675869399e-01  -3.6383710396810001e-02
  -7.8491213312700403e-01   2.7733820460459000e-02  -6.1898608907848895e-01
   3.6843787615164902e-01  -6.9362075562888104e-01  -6.1898608932485899e-01
   4.1647425853475900e-01   6.6588693444299496e-01  -6.1898609234459701e-01
  -2.2050216605060299e-01  -5.8356008802193504e-01  -7.8156024619655795e-01
  -3.9512677619871800e-01   4.8274052081351299e-01  -7.8156024738692198e-01
   6.1562894233392096e-01   1.0081956335506401e-01  -7.8156024784127298e-01
