   1.8204391392816799e-01  -9.2704804144403005e-02   9.7891053354750601e-01
  -3.4016339204771201e-01   9.6636276573202007e-02   9.3538777881724700e-01
   7.0029642399186007e-02   4.3801706576230198e-01   8.9623484605678305e-01
   4.0629919865068098e-01  -3.9222295810997398e-01   8.2527699126249499e-01
  -5.0205290747580300e-01  -3.1340317724547001e-01   8.0605293038828196e-01
  -1.6617037551611000e-01  -6.3158189500320805e-01   7.5729235847524101e-01
   5.6455683308045101e-01   4.3156651904680599e-01   7.0358078559607895e-01
  -2.5165716557327200e-01   7.0042011699623397e-01   6.6789245445850698e-01
   7.6107378340934395e-01   3.3839495303312997e-02   6.4778205035691105e-01
  -6.8916695992495602e-01   4.7004110354014300e-01   5.5146193189608195e-01
  -8.4445883470197103e-01   8.3211203206454004e-02   5.2911735196903498e-01
   1.6679015328168900e-01  -8.3796396969751297e-01   5.1961276952847901e-01
  -3.3814265300000002e-07  -9.9999999999994105e-01   5.1139543000000003e-08
   8.2532035515632596e-01   5.6274797202044202e-01   4.6486894406016999e-02
   4.2878475886353801e-01   7.8809472368367095e-01   4.4164503514507703e-01
   8.3798216575808904e-01  -3.9784129913173200e-01   3.7350795249439900e-01
  -7.2535425706508705e-01  -5.8193734350555804e-01   3.6770930093111598e-01
   5.9997800169408499e-01  -7.4809590826437700e-01   2.8351174494413700e-01
   1.0296211821599999e-02   9.6045587126859300e-01   2.7824181455671199e-01
  -4.1117367713432701e-01  -8.8312993566643705e-01   2.2587103391455499e-01
   9.7014631661511197e-01   1.8989712938566000e-01   1.5084828341488099e-01
  -9.5991632019479900e-01  -2.3745518858030401e-01   1.4891504839998199e-01
  -4.8907808108530698e-01   8.6141002668051503e-01   1.3702334303390801e-01
   4.8907834426803398e-01   8.6140985858619701e-01  -1.3702346039473601e-01
   9.5991614251060997e-01  -2.3745565597897400e-01  -1.4891544846370000e-01
  -9.7014621175508797e-01   1.8989746335310401e-01  -1.5084853737874901e-01
   4.1117320799267099e-01  -8.8313028654179104e-01  -2.2587051605207201e-01
  -1.0295830674582000e-02   9.6045584386690497e-01  -2.7824192324779501e-01
  -5.9997827893139499e-01  -7.4809583008359604e-01  -2.8351136453774900e-01
   7.2535385766106397e-01  -5.8193794184274295e-01  -3.6770914187717102e-01
  -8.3798211176240200e-01  -3.9784117316000700e-01  -3.7350820781462801e-01
  -4.2878448973922101e-01   7.8809486486388602e-01  -4.4164504450321901e-01
  -8.2532020356185098e-01   5.6274820302290496e-01  -4.6486789382754003e-02
  -1.6679052668129801e-01  -8.3796393549720405e-01  -5.1961270482486499e-01
   8.4445885569999501e-01   8.3210985600961004e-02  -5.2911735267818505e-01
   6.8916702628620796e-01   4.7004102801934300e-01  -5.5146191333431505e-01
  -7.6107359408912600e-01   3.3839581719347998e-02  -6.4778226827331498e-01
   2.5165722733689599e-01   7.0041987452160603e-01  -6.6789268546993596e-01
  -5.6455678077700400e-01   4.3156670095047900e-01  -7.0358071598745997e-01
   1.6617030719894499e-01  -6.3158218498192398e-01  -7.5729213162350195e-01
   5.0205284632557501e-01  -3.1340350115564503e-01  -8.0605284253563203e-01
  -4.0629909998390901e-01  -3.9222299219588003e-01  -8.2527702363822997e-01
  -7.0029629255691006e-02   4.3801689194840898e-01  -8.9623493203186799e-01
   3.4016364301886498e-01   9.6636011872205996e-02  -9.3538771489557704e-01
  -1.8204372688357201e-01  -9.2704831005996996e-02  -9.7891056578754398e-01
