   2.1716458890288701e-01  -5.2341490267286295e-01   8.2393954935213398e-01
   5.2341490267286295e-01   2.1716458890289000e-01   8.2393954935213298e-01
  -5.2341490267286706e-01  -2.1716458890289000e-01   8.2393954935213098e-01
  -2.1716458890289100e-01   5.2341490267286594e-01   8.2393954935213098e-01
  -9.6037311159065597e-01  -2.7235105265105197e-01   5.9231669346270999e-02
   2.7235105265105602e-01  -9.6037311159065497e-01   5.9231669346269999e-02
  -2.7235105265105097e-01   9.6037311159065597e-01   5.9231669346269000e-02
   9.6037311159065597e-01   2.7235105265105303e-01   5.9231669346268001e-02
   1.6747057723739800e-01   7.9075265246892601e-01   5.8878166443354096e-01
  -7.9075265246892601e-01   1.6747057723740100e-01   5.8878166443353996e-01
   7.9075265246892701e-01  -1.6747057723739600e-01   5.8878166443353996e-01
  -1.6747057723739900e-01  -7.9075265246892801e-01   5.8878166443353896e-01
   6.2685494723397694e-01  -6.8515314235205105e-01   3.7096906428083498e-01
  -6.8515314235205305e-01  -6.2685494723397805e-01   3.7096906428082999e-01
   6.8515314235205405e-01   6.2685494723397595e-01   3.7096906428082999e-01
  -6.2685494723397805e-01   6.8515314235205504e-01   3.7096906428082599e-01
  -2.0000000000000002e-15   1.0000000000000001e-15   1.0000000000000000e+00
  -1.0000000000000001e-15  -2.0000000000000002e-15  -1.0000000000000000e+00
  -6.2685494723397694e-01  -6.8515314235205504e-01  -3.7096906428082699e-01
   6.8515314235205604e-01  -6.2685494723397595e-01  -3.7096906428082799e-01
  -6.8515314235205305e-01   6.2685494723397595e-01  -3.7096906428083298e-01
   6.2685494723397595e-01   6.8515314235205205e-01  -3.7096906428083398e-01
  -7.9075265246892601e-01  -1.6747057723740100e-01  -5.8878166443353896e-01
  -1.6747057723739800e-01   7.9075265246892701e-01  -5.8878166443353896e-01
   7.9075265246892601e-01   1.6747057723739800e-01  -5.8878166443354096e-01
   1.6747057723740100e-01  -7.9075265246892601e-01  -5.8878166443354096e-01
   9.6037311159065597e-01  -2.7235105265105097e-01  -5.9231669346268001e-02
   2.7235105265105602e-01   9.6037311159065497e-01  -5.9231669346269000e-02
  -2.7235105265104897e-01  -9.6037311159065697e-01  -5.9231669346269999e-02
  -9.6037311159065597e-01   2.7235105265105303e-01  -5.9231669346270999e-02
  -2.1716458890289100e-01  -5.2341490267286706e-01  -8.2393954935213098e-01
  -5.2341490267286495e-01   2.1716458890288801e-01  -8.2393954935213198e-01
   5.2341490267286495e-01  -2.1716458890289100e-01  -8.2393954935213198e-01
   2.1716458890288801e-01   5.2341490267286295e-01  -8.2393954935213398e-01
