   4.0247526799999998e-07   3.5262979999999999e-09   9.9999999999991895e-01
  -8.8606842081491599e-01  -4.5286081872398798e-01   9.8994103355704993e-02
   8.8606826274647199e-01   4.5286115405013500e-01   9.8993984190094003e-02
  -4.5286691982353899e-01   8.8606598661341296e-01   9.8987980565011999e-02
   4.5286627414650998e-01  -8.8606632684371800e-01   9.8987889028607001e-02
  -4.5286063474168797e-01  -9.8992074903455005e-02   8.8606874146855297e-01
   4.5286127602701898e-01   9.8992147381935999e-02   8.8606840561657196e-01
  -9.8992586322630000e-02   4.5286583522318502e-01   8.8606602640026999e-01
   9.8993051163605003e-02  -4.5286587663267402e-01   8.8606595330316096e-01
  -5.6381513624031199e-01   3.3007498798430501e-01   7.5707528981831096e-01
   5.6381547173242996e-01  -3.3007512318577398e-01   7.5707498102171800e-01
  -3.3007176039188302e-01  -5.6381806038688298e-01   7.5707451930003400e-01
   3.3007197996419502e-01   5.6381820690903195e-01   7.5707431445030604e-01
  -7.5707299346885004e-01  -3.3007325217703398e-01   5.6381923588805605e-01
   7.5707321233157299e-01   3.3007340556974202e-01   5.6381885220835404e-01
  -3.3007771462760499e-01   7.5707564355412504e-01   5.6381306498104899e-01
   3.3007749782157603e-01  -7.5707586412439098e-01   5.6381289573062598e-01
  -8.8606614314123300e-01   9.8991884806276007e-02   4.5286576015561197e-01
   8.8606629559947603e-01  -9.8992010634705002e-02   4.5286543435453402e-01
  -9.8989106362093002e-02  -8.8606844292471598e-01   4.5286186776389498e-01
   9.8988638852835001e-02   8.8606850363950096e-01   4.5286185116006200e-01
  -5.6381675702267398e-01  -7.5707331130835498e-01   3.3007675744444298e-01
   5.6381641489957002e-01   7.5707361640981397e-01   3.3007664204842102e-01
  -7.5707660678846100e-01   5.6381469289923003e-01   3.3007272459962100e-01
   7.5707639023790096e-01  -5.6381507999628300e-01   3.3007256007298602e-01
  -4.3455464099999998e-07   9.9999999999990596e-01   2.2145931000000000e-08
   7.5707639508417102e-01   5.6381508820857795e-01  -3.3007253492938399e-01
  -7.5707662581130797e-01  -5.6381467947527897e-01  -3.3007270389772297e-01
   5.6381641887666600e-01  -7.5707360697373305e-01  -3.3007665689786903e-01
  -5.6381675353229299e-01   7.5707330043505605e-01  -3.3007678834580001e-01
   9.8988649327554995e-02  -8.8606850788911395e-01  -4.5286184055566597e-01
  -9.8989123704187998e-02   8.8606843948761904e-01  -4.5286187069817702e-01
   8.8606629602610099e-01   9.8992002225966005e-02  -4.5286543535787899e-01
  -8.8606614268742501e-01  -9.8991858428552001e-02  -4.5286576680942597e-01
   3.3007749834757599e-01   7.5707588902684197e-01  -5.6381286198420699e-01
  -3.3007772818488901e-01  -7.5707566709174001e-01  -5.6381302543830902e-01
   7.5707319118050798e-01  -3.3007340265928398e-01  -5.6381888231300303e-01
  -7.5707296288066905e-01   3.3007324842403801e-01  -5.6381927915768204e-01
   1.0000000000000000e+00  -1.8626174000000000e-08  -6.9354220000000002e-09
  -1.0000000000000000e+00   3.1901168000000003e-08  -7.1634189999999997e-09
   3.3007195160458203e-01  -5.6381820576439901e-01  -7.5707432766707605e-01
  -3.3007172344281199e-01   5.6381803788551998e-01  -7.5707455216670305e-01
   5.6381548920674995e-01   3.3007515222833600e-01  -7.5707495534589897e-01
  -5.6381514720063897e-01  -3.3007501614533902e-01  -7.5707526937800296e-01
  -3.8632246300000002e-07  -9.9999999999992595e-01  -8.0495370000000006e-09
   9.8993088268167995e-02   4.5286588132404298e-01  -8.8606594676001904e-01
  -9.8992610466535999e-02  -4.5286585910011201e-01  -8.8606601149944697e-01
   4.5286127147389899e-01  -9.8992129811056997e-02  -8.8606840990665803e-01
  -4.5286060888834900e-01   9.8992039572085994e-02  -8.8606875862916701e-01
   4.5286624445473500e-01   8.8606634407603502e-01  -9.8987870616529000e-02
  -4.5286690413119701e-01  -8.8606599614552395e-01  -9.8987967032690000e-02
   8.8606825350744001e-01  -4.5286116933633602e-01  -9.8993996957394997e-02
  -8.8606840121329700e-01   4.5286085287487199e-01  -9.8994122576824994e-02
   4.1742189599999998e-07  -1.6980577999999999e-08  -9.9999999999991296e-01
