   1.9301148600000000e-07  -7.7519207999999994e-08   9.9999999999997802e-01
  -4.8148291950645800e-01  -1.1704288090762301e-01   8.6860529715883095e-01
  -1.1704269672063100e-01   4.8148306429102400e-01   8.6860524172105302e-01
   1.1704271752730699e-01  -4.8148333819348299e-01   8.6860508708842099e-01
   4.8148335854926599e-01   1.1704268031119500e-01   8.6860508081963805e-01
   4.4725067726373102e-01   5.5499622623924505e-01   7.0138863730982304e-01
   5.5499622812186900e-01  -4.4725068730925299e-01   7.0138862941446301e-01
  -5.5499618218767799e-01   4.4725076222691801e-01   7.0138861798901697e-01
  -4.4725086529475400e-01  -5.5499633879508103e-01   7.0138842834562798e-01
  -8.4786325180366895e-01  -1.9562508694660002e-03   5.3021135344638204e-01
  -1.9565546334659998e-03   8.4786343187550905e-01   5.3021106437177501e-01
   1.9562623694950000e-03  -8.4786349758077495e-01   5.3021096038052395e-01
   8.4786358205683499e-01   1.9565497954499998e-03   5.3021082423376797e-01
   4.5500744849516100e-01  -8.4762742211265596e-01   2.7293950812694201e-01
  -8.4762765975815901e-01  -4.5500706645517203e-01   2.7293940699130598e-01
   8.4762738515559100e-01   4.5500758149627202e-01   2.7293940117764198e-01
  -4.5500746311369700e-01   8.4762745105323700e-01   2.7293939388045602e-01
   8.3000280089040901e-01  -4.9645665609867601e-01   2.5421671685669700e-01
   4.9645655175844600e-01   8.3000286646275701e-01   2.5421670653149597e-01
  -8.3000276340627799e-01   4.9645682926243101e-01   2.5421650107071098e-01
  -4.9645706860624900e-01  -8.3000263819315401e-01   2.5421644247234498e-01
  -9.9999999999987099e-01   4.4476069500000000e-07   2.4514759300000000e-07
  -2.7625991899999998e-07  -9.9999999999993905e-01   2.1483951199999999e-07
   9.9999999999997902e-01  -1.5113055500000001e-07  -1.3762770099999999e-07
   1.1953496999999999e-07   9.9999999999999301e-01  -1.7292676000000001e-08
   4.9645659243806800e-01  -8.3000292411720400e-01  -2.5421643885019102e-01
   8.3000291394109105e-01   4.9645655053084498e-01  -2.5421655391479298e-01
  -8.3000300152970796e-01  -4.9645633401967598e-01  -2.5421669076482700e-01
  -4.9645615705199297e-01   8.3000305103688299e-01  -2.5421687472438098e-01
   4.5500757257179503e-01   8.4762736745160505e-01  -2.7293947103595001e-01
   8.4762737170799496e-01  -4.5500756275974003e-01  -2.7293947417483999e-01
  -4.5500769433438898e-01  -8.4762729133508496e-01  -2.7293950443358400e-01
  -8.4762711529674895e-01   4.5500796791064202e-01  -2.7293959506004400e-01
  -8.4786365950982001e-01   1.9567211628100001e-03  -5.3021069974577795e-01
  -1.9564027975840000e-03  -8.4786364361805500e-01  -5.3021072633322897e-01
   8.4786338846251896e-01  -1.9565223453859998e-03  -5.3021113391286601e-01
   1.9568243157319998e-03   8.4786330869008597e-01  -5.3021126036297805e-01
   4.4725074025481298e-01  -5.5499632228880702e-01  -7.0138852114033201e-01
   5.5499633842174600e-01   4.4725062496563300e-01  -7.0138858189045605e-01
  -5.5499630329152405e-01  -4.4725066843752298e-01  -7.0138858196789300e-01
  -4.4725046017149001e-01   5.5499616464328705e-01  -7.0138882448156503e-01
  -1.1704273656409700e-01  -4.8148352444213399e-01  -8.6860498128226804e-01
  -4.8148341869723899e-01   1.1704254546013999e-01  -8.6860506564941897e-01
   4.8148301637453600e-01  -1.1704286520255899e-01  -8.6860524557940300e-01
   1.1704282108658801e-01   4.8148278613628998e-01  -8.6860537914897196e-01
  -2.5377403400000000e-07  -3.1203173899999998e-07  -9.9999999999991895e-01
