   1.5491609100430800e-01   9.4066667131344195e-01  -3.0190597580709500e-01
  -1.9170284152664799e-01  -5.9632467248307597e-01   7.7951709765633803e-01
   5.7735026918957899e-01   5.7735026918969701e-01   5.7735026918960097e-01
   5.7735026918969701e-01   5.7735026918962595e-01  -5.7735026918955401e-01
  -5.7735026918959598e-01   5.7735026918965404e-01   5.7735026918962795e-01
   5.7735026918953702e-01  -5.7735026918966803e-01   5.7735026918967203e-01
  -5.7735026918971499e-01   5.7735026918958299e-01  -5.7735026918957999e-01
   5.7735026918965504e-01  -5.7735026918959798e-01  -5.7735026918962395e-01
  -5.7735026918955501e-01  -5.7735026918962495e-01   5.7735026918969701e-01
  -5.7735026918967203e-01  -5.7735026918955501e-01  -5.7735026918965004e-01
  -3.0190597580708400e-01   1.5491609100430800e-01   9.4066667131344495e-01
   7.7951709765638399e-01  -1.9170284152661399e-01  -5.9632467248302701e-01
   1.5491609100426601e-01   9.4066667131347004e-01   3.0190597580702799e-01
  -1.9170284152659700e-01  -5.9632467248306198e-01  -7.7951709765636101e-01
   9.4066667131342196e-01  -3.0190597580714801e-01   1.5491609100432399e-01
  -5.9632467248303100e-01   7.7951709765638699e-01  -1.9170284152658801e-01
   3.0190597580710699e-01   1.5491609100432399e-01   9.4066667131343495e-01
  -7.7951709765637600e-01  -1.9170284152663200e-01  -5.9632467248303200e-01
   9.4066667131343895e-01   3.0190597580710798e-01   1.5491609100429901e-01
  -5.9632467248302301e-01  -7.7951709765640098e-01  -1.9170284152655800e-01
  -3.0190597580710499e-01   1.5491609100428699e-01  -9.4066667131344195e-01
   7.7951709765638599e-01  -1.9170284152654901e-01   5.9632467248304499e-01
   9.4066667131345705e-01  -3.0190597580706702e-01  -1.5491609100427400e-01
  -5.9632467248310495e-01   7.7951709765632404e-01   1.9170284152661701e-01
   3.0190597580713102e-01   1.5491609100430301e-01  -9.4066667131343096e-01
  -7.7951709765637800e-01  -1.9170284152656600e-01   5.9632467248304999e-01
   9.4066667131347403e-01   3.0190597580702699e-01  -1.5491609100424800e-01
  -5.9632467248309695e-01  -7.7951709765633703e-01   1.9170284152658601e-01
  -9.4066667131342296e-01  -3.0190597580714101e-01   1.5491609100433201e-01
   5.9632467248302401e-01   7.7951709765638699e-01  -1.9170284152661299e-01
  -1.5491609100432799e-01   9.4066667131342896e-01  -3.0190597580712503e-01
   1.9170284152663800e-01  -5.9632467248304799e-01   7.7951709765636201e-01
  -9.4066667131343995e-01   3.0190597580710099e-01   1.5491609100430601e-01
   5.9632467248301602e-01  -7.7951709765639998e-01  -1.9170284152658201e-01
  -1.5491609100428400e-01   9.4066667131345805e-01   3.0190597580705703e-01
   1.9170284152658801e-01  -5.9632467248303500e-01  -7.7951709765638399e-01
   1.5491609100429601e-01  -9.4066667131343995e-01  -3.0190597580710699e-01
  -1.9170284152660899e-01   5.9632467248308696e-01   7.7951709765633903e-01
  -3.0190597580703599e-01  -1.5491609100427700e-01   9.4066667131346604e-01
   7.7951709765634603e-01   1.9170284152663000e-01  -5.9632467248307097e-01
   1.5491609100425299e-01  -9.4066667131346804e-01   3.0190597580704098e-01
  -1.9170284152655900e-01   5.9632467248307197e-01  -7.7951709765636301e-01
   3.0190597580706002e-01  -1.5491609100429299e-01   9.4066667131345505e-01
  -7.7951709765633703e-01   1.9170284152664899e-01  -5.9632467248307697e-01
  -9.4066667131345805e-01  -3.0190597580705802e-01  -1.5491609100428100e-01
   5.9632467248309895e-01   7.7951709765632204e-01   1.9170284152663999e-01
  -9.4066667131347503e-01   3.0190597580701800e-01  -1.5491609100425499e-01
   5.9632467248309096e-01  -7.7951709765633603e-01   1.9170284152660999e-01
  -3.0190597580705603e-01  -1.5491609100425799e-01  -9.4066667131346204e-01
   7.7951709765634802e-01   1.9170284152656500e-01   5.9632467248308996e-01
   3.0190597580708101e-01  -1.5491609100427300e-01  -9.4066667131345205e-01
  -7.7951709765634003e-01   1.9170284152658401e-01   5.9632467248309495e-01
  -1.5491609100431500e-01  -9.4066667131342696e-01  -3.0190597580713702e-01
   1.9170284152660000e-01   5.9632467248305998e-01   7.7951709765636301e-01
  -1.5491609100427201e-01  -9.4066667131345505e-01   3.0190597580707101e-01
   1.9170284152654901e-01   5.9632467248304599e-01  -7.7951709765638599e-01
