   4.7858690066881299e-01  -8.6863341258755400e-01  -1.2818179685399900e-01
   1.8949966835208101e-01  -4.0529050713945702e-01   8.9433186263103304e-01
  -5.5796646749484802e-01  -1.8949497324005399e-01  -8.0793878250030304e-01
  -6.6794064263168795e-01  -6.4889972483969005e-01  -3.6439600028504998e-01
   8.7746068315341497e-01   1.3011111135378101e-01  -4.6166421587797601e-01
  -9.0603321994412400e-01   3.7446900217611201e-01  -1.9717193199568200e-01
   6.1931561558188397e-01   3.8552887727762802e-01  -6.8397050600262299e-01
   2.5010268307886802e-01   8.0488151775388295e-01  -5.3815833199436602e-01
   0.0000000000000000e+00   1.0000000000000000e+00   0.0000000000000000e+00
   8.6601706712118298e-01  -5.0001443920531796e-01  -6.4043201039999999e-06
  -8.6601706712118298e-01  -5.0001443920531896e-01   6.4043201039999999e-06
   2.7796905157999998e-05   9.7237869699999991e-07   9.9999999961319297e-01
  -2.7796905158999999e-05   9.7237869600000001e-07  -9.9999999961319297e-01
  -4.7858690066881199e-01  -8.6863341258755400e-01   1.2818179685400000e-01
  -1.8949966835208101e-01  -4.0529050713945702e-01  -8.9433186263103304e-01
   5.5796646749484802e-01  -1.8949497324005399e-01   8.0793878250030304e-01
   6.6794064263168795e-01  -6.4889972483969005e-01   3.6439600028504898e-01
  -8.7746068315341397e-01   1.3011111135378101e-01   4.6166421587797701e-01
   9.0603321994412400e-01   3.7446900217611301e-01   1.9717193199568100e-01
  -6.1931561558188297e-01   3.8552887727762802e-01   6.8397050600262399e-01
  -2.5010268307886802e-01   8.0488151775388295e-01   5.3815833199436502e-01
  -5.1297874715643399e-01   8.4875857348980799e-01   1.2830311334243399e-01
  -2.5628438688673100e-01   3.6670696313831402e-01  -8.9434015688884705e-01
  -4.4299843171786901e-01  -3.8851959084047699e-01   8.0796343792813896e-01
  -8.9593279974875095e-01  -2.5393685031905799e-01   3.6444546146769602e-01
   5.5135810008592101e-01   6.9494672168705796e-01   4.6157697027262301e-01
  -1.2873473437081800e-01  -9.7188523663978099e-01   1.9714577086032700e-01
   6.4360845573166603e-01   3.4363836252471702e-01   6.8387194087199599e-01
   8.2213536981807100e-01  -1.8579371461711200e-01   5.3812092442394299e-01
   5.1297874715643299e-01   8.4875857348980899e-01  -1.2830311334243399e-01
   2.5628438688673000e-01   3.6670696313831402e-01   8.9434015688884705e-01
   4.4299843171786901e-01  -3.8851959084047799e-01  -8.0796343792813796e-01
   8.9593279974874995e-01  -2.5393685031905799e-01  -3.6444546146769602e-01
  -5.5135810008592101e-01   6.9494672168705796e-01  -4.6157697027262401e-01
   1.2873473437081900e-01  -9.7188523663977999e-01  -1.9714577086032700e-01
  -6.4360845573166603e-01   3.4363836252471702e-01  -6.8387194087199599e-01
  -8.2213536981807100e-01  -1.8579371461711300e-01  -5.3812092442394199e-01
  -9.9156464771232000e-01   1.9791012095130001e-02  -1.2809318969950301e-01
  -4.4567125097968802e-01   3.8535725292526003e-02   8.9436688999894198e-01
   1.1480603239028800e-01   5.7797373176675704e-01  -8.0793931722277801e-01
  -2.2806763955184800e-01   9.0291684166676001e-01  -3.6431624836640403e-01
  -3.2613446652142802e-01  -8.2496363649958904e-01  -4.6159647767304102e-01
   7.7735916707534602e-01   5.9737864136681995e-01  -1.9710779843186699e-01
   2.4203509240561000e-02  -7.2920533423496603e-01  -6.8386677844717203e-01
   5.7205776079020798e-01  -6.1900063380493597e-01  -5.3813393655184105e-01
   9.9156464771232000e-01   1.9791012095130001e-02   1.2809318969950401e-01
   4.4567125097968902e-01   3.8535725292526003e-02  -8.9436688999894098e-01
  -1.1480603239029000e-01   5.7797373176675604e-01   8.0793931722277801e-01
   2.2806763955184900e-01   9.0291684166676001e-01   3.6431624836640503e-01
   3.2613446652142902e-01  -8.2496363649958804e-01   4.6159647767304102e-01
  -7.7735916707534602e-01   5.9737864136681895e-01   1.9710779843186699e-01
  -2.4203509240561000e-02  -7.2920533423496703e-01   6.8386677844717103e-01
  -5.7205776079020798e-01  -6.1900063380493597e-01   5.3813393655184105e-01
