   4.1898723387172399e-01  -3.0724130974599301e-01   8.5443108290726899e-01
  -4.1898723411457400e-01   3.0724130982639097e-01   8.5443108275927304e-01
   5.6585871596116000e-02   5.1647678942019404e-01   8.5442949687257197e-01
  -5.6585871778519002e-02  -5.1647678945097997e-01   8.5442949684188296e-01
   4.7557495503000502e-01   2.0923492684433401e-01   8.5442917057919798e-01
  -4.7557495533340899e-01  -2.0923492687217801e-01   8.5442917040350397e-01
   8.1865630396970301e-01   4.4636151707406001e-02   5.7254647840277395e-01
  -8.1865630418135404e-01  -4.4636151693106002e-02   5.7254647810126003e-01
   4.4798570428578799e-01  -6.8665826518148998e-01   5.7254627377489098e-01
  -4.4798570444727098e-01   6.8665826519245798e-01   5.7254627363538602e-01
   3.7067504437418702e-01   7.3129429180447103e-01   5.7254578004941403e-01
  -3.7067504452841599e-01  -7.3129429181052896e-01   5.7254577994182598e-01
   2.4834913831077099e-01   9.6742517160696995e-01   4.9104407556978001e-02
  -2.4834913832757399e-01  -9.6742517160552699e-01   4.9104407500428000e-02
   9.6199076541192297e-01   2.6863132693810698e-01   4.9101705160350000e-02
  -9.6199076546369300e-01  -2.6863132680465002e-01   4.9101704876214000e-02
   7.1363998759906899e-01  -6.9878979644188399e-01   4.9099780939536000e-02
  -7.1363998763342895e-01   6.9878979642163197e-01   4.9099780728369000e-02
   9.0167430404331006e-02  -9.1099728381317702e-01   4.0243481879590698e-01
  -9.0167430516545993e-02   9.1099728381710998e-01   4.0243481876186099e-01
   8.3403092717693095e-01  -3.7741218518004199e-01   4.0243316835222898e-01
  -8.3403092733654305e-01   3.7741218513593700e-01   4.0243316806280000e-01
   7.4386620955383498e-01   5.3358636434021300e-01   4.0242844590585702e-01
  -7.4386620969193296e-01  -5.3358636430743600e-01   4.0242844569405101e-01
  -3.6768999999999997e-11   3.8259999999999999e-11   1.0000000000000000e+00
   1.9923800000000001e-10   2.8667000000000000e-11  -1.0000000000000000e+00
   1.5517601094941000e-02  -9.1531924574261803e-01  -4.0242997208138298e-01
  -1.5517600987809001e-02   9.1531924574009005e-01  -4.0242997209126402e-01
   7.8493093420286097e-01   4.7109793369170999e-01  -4.0243032366215198e-01
  -7.8493093413929604e-01  -4.7109793365500402e-01  -4.0243032382910499e-01
   8.0044552753568798e-01  -4.4422090564339700e-01  -4.0243601284859498e-01
  -8.0044552746813202e-01   4.4422090559070299e-01  -4.0243601304113003e-01
   3.5828509739561798e-01  -9.3232024649224199e-01  -4.9099358090081001e-02
  -3.5828509737927799e-01   9.3232024649296097e-01  -4.9099358195656001e-02
   9.8655472337437200e-01  -1.5588038182083699e-01  -4.9102793719979998e-02
  -9.8655472337831696e-01   1.5588038171571200e-01  -4.9102793974440000e-02
   6.2827004172005796e-01   7.7644418736701903e-01  -4.9103753227695002e-02
  -6.2827004171782996e-01  -7.7644418735911003e-01  -4.9103753381264000e-02
   8.1834092200687103e-01   5.0093882864551999e-02  -5.7254583944737203e-01
  -8.1834092190681396e-01  -5.0093882869351999e-02  -5.7254583958996497e-01
   3.6578711156250399e-01   7.3375112470245096e-01  -5.7254613439673896e-01
  -3.6578711141481701e-01  -7.3375112471619397e-01  -5.7254613447348002e-01
   4.5254958723420202e-01  -6.8365877370498696e-01  -5.7254655027372803e-01
  -4.5254958707575099e-01   6.8365877370183703e-01  -5.7254655040273095e-01
   3.8075390568860701e-01   3.5352232022691099e-01  -8.5442871698243705e-01
  -3.8075390549374799e-01  -3.5352232028541503e-01  -8.5442871704506396e-01
   4.9653375909338399e-01  -1.5297961821829700e-01  -8.5443049014555705e-01
  -4.9653375889176898e-01   1.5297961824710499e-01  -8.5443049025756301e-01
   1.1578146796934199e-01  -5.0650083685991498e-01  -8.5443054365762805e-01
  -1.1578146769808900e-01   5.0650083684121305e-01  -8.5443054370547100e-01
