   3.4625603069580402e-01  -1.1795161871410099e-01   9.3069553391509896e-01
  -3.4625611042845400e-01   1.1795168712794200e-01   9.3069549558092901e-01
  -1.1795180650531600e-01  -3.4625655063445998e-01   9.3069531667719196e-01
   1.1795180787192400e-01   3.4625656032278301e-01   9.3069531289954399e-01
  -5.6874281087780598e-01  -3.3249250632140398e-01   7.5231665428523098e-01
   3.3249315778458999e-01  -5.6874243074434905e-01   7.5231665374192103e-01
  -3.3249316829235298e-01   5.6874242652380502e-01   7.5231665228860001e-01
   5.6874282992287195e-01   3.3249256783794601e-01   7.5231661269963501e-01
  -2.1845369241605000e-02  -9.9974128095288695e-01   6.3364817823490004e-03
   2.1845365206600999e-02   9.9974128130658102e-01   6.3364398889769998e-03
   9.9974129615370999e-01  -2.1844894419514000e-02   6.3357203773330003e-03
  -9.9974129722706995e-01   2.1844858541055001e-02   6.3356747119819997e-03
  -2.3677611830315701e-01  -7.7971785742330801e-01   5.7963534451972099e-01
   2.3677610720389100e-01   7.7971787056966901e-01   5.7963533136936496e-01
   7.7971803721131205e-01  -2.3677562099187499e-01   5.7963530581845202e-01
  -7.7971812900342097e-01   2.3677556908369199e-01   5.7963520354486597e-01
   1.9850269422293301e-01  -8.8791303273594002e-01   4.1497846532549398e-01
  -1.9850267063680399e-01   8.8791304382686398e-01   4.1497845287697799e-01
   8.8791337418792005e-01   1.9850285320472599e-01   4.1497765868514602e-01
  -8.8791337866594799e-01  -1.9850294093450799e-01   4.1497760713847298e-01
  -5.8915758079660596e-01  -7.3980552154585699e-01   3.2493250880783597e-01
  -7.3980587738086001e-01   5.8915713967163996e-01   3.2493249847724798e-01
   5.8915758672068397e-01   7.3980553295109697e-01   3.2493247209905401e-01
   7.3980590636025201e-01  -5.8915712911529305e-01   3.2493245163743101e-01
   1.9787857999999999e-08   7.8374369999999996e-09  -1.0000000000000000e+00
  -5.8435735979424497e-01   8.1142814172771704e-01  -1.0528383855238001e-02
   5.8435737097629403e-01  -8.1142813365487898e-01  -1.0528385395336000e-02
   8.1142759564146005e-01   5.8435810376624997e-01  -1.0529178231608999e-02
  -8.1142753175248905e-01  -5.8435819169957604e-01  -1.0529221607749000e-02
  -9.0759110265936205e-01   3.6402054457148098e-01  -2.0920667652693800e-01
   9.0759111855229302e-01  -3.6402048702424500e-01  -2.0920670771184299e-01
   3.6401977116401202e-01   9.0759131219912503e-01  -2.0920711322125499e-01
  -3.6401969873417100e-01  -9.0759133622428101e-01  -2.0920713502198901e-01
   3.2218551419903302e-01  -8.6402413174616499e-01  -3.8685758904355300e-01
  -3.2218548731671798e-01   8.6402413778003795e-01  -3.8685759795556601e-01
  -8.6402415178794501e-01  -3.2218508369099802e-01  -3.8685790281981802e-01
   8.6402413041779402e-01   3.2218512341395100e-01  -3.8685791746649401e-01
  -7.0369342674781199e-01   4.3142243659351298e-01  -5.6452656479180696e-01
   7.0369340292844396e-01  -4.3142245198405998e-01  -5.6452658272135303e-01
   4.3142256787665501e-01   7.0369311540976298e-01  -5.6452685255142199e-01
  -4.3142262412545701e-01  -7.0369308068262104e-01  -5.6452685285299498e-01
   1.5546843974248301e-01  -6.8846821742776199e-01  -7.0840742361714204e-01
  -1.5546848826660001e-01   6.8846818749847505e-01  -7.0840744205482697e-01
   6.8846775714786901e-01   1.5546830806561099e-01  -7.0840789983949104e-01
  -6.8846773130604400e-01  -1.5546830121232300e-01  -7.0840792645795803e-01
   4.2311631050489401e-01  -2.1837563915001301e-01  -8.7936606030171005e-01
  -4.2311630516653098e-01   2.1837562729338100e-01  -8.7936606581471199e-01
   2.1837512270395901e-01   4.2311632797693199e-01  -8.7936618014530699e-01
  -2.1837509016863499e-01  -4.2311632607087202e-01  -8.7936618914200304e-01
