   5.7735026918962573e-01   8.1649658092772603e-01   0.0000000000000000e+00
   5.7735026918962573e-01   2.5231131935570694e-01   7.7653439382402700e-01
   5.7735026918962573e-01  -6.6055960981956996e-01   4.7992464881654517e-01
   5.7735026918962573e-01  -6.6055960981956996e-01  -4.7992464881654517e-01
   5.7735026918962573e-01   2.5231131935570694e-01  -7.7653439382402700e-01
  -5.7735026918962573e-01   8.1649658092772603e-01   0.0000000000000000e+00
  -5.7735026918962573e-01   2.5231131935570694e-01   7.7653439382402700e-01
  -5.7735026918962573e-01  -6.6055960981956996e-01   4.7992464881654517e-01
  -5.7735026918962573e-01  -6.6055960981956996e-01  -4.7992464881654517e-01
  -5.7735026918962573e-01   2.5231131935570694e-01  -7.7653439382402700e-01
