   5.7735026918962573e-01   5.7735026918962573e-01   5.7735026918962573e-01
   5.7735026918962573e-01   5.7735026918962573e-01  -5.7735026918962573e-01
   5.7735026918962573e-01  -5.7735026918962573e-01   5.7735026918962573e-01
  -5.7735026918962573e-01   5.7735026918962573e-01   5.7735026918962573e-01
   5.7735026918962573e-01  -5.7735026918962573e-01  -5.7735026918962573e-01
  -5.7735026918962573e-01   5.7735026918962573e-01  -5.7735026918962573e-01
  -5.7735026918962573e-01  -5.7735026918962573e-01   5.7735026918962573e-01
  -5.7735026918962573e-01  -5.7735026918962573e-01  -5.7735026918962573e-01
   0.0000000000000000e+00   3.5682208977308993e-01   9.3417235896271567e-01
   0.0000000000000000e+00  -3.5682208977308993e-01   9.3417235896271567e-01
   0.0000000000000000e+00   3.5682208977308993e-01  -9.3417235896271567e-01
   0.0000000000000000e+00  -3.5682208977308993e-01  -9.3417235896271567e-01
   9.3417235896271567e-01   0.0000000000000000e+00   3.5682208977308993e-01
   9.3417235896271567e-01   0.0000000000000000e+00  -3.5682208977308993e-01
  -9.3417235896271567e-01   0.0000000000000000e+00   3.5682208977308993e-01
  -9.3417235896271567e-01   0.0000000000000000e+00  -3.5682208977308993e-01
   3.5682208977308993e-01   9.3417235896271567e-01   0.0000000000000000e+00
  -3.5682208977308993e-01   9.3417235896271567e-01   0.0000000000000000e+00
   3.5682208977308993e-01  -9.3417235896271567e-01   0.0000000000000000e+00
  -3.5682208977308993e-01  -9.3417235896271567e-01   0.0000000000000000e+00
