   9.8397482852027696e-01   0.0000000000000000e+00   1.7830742227538601e-01
  -3.4773367941644001e-01  -3.9321865518724602e-01  -8.5115238201642796e-01
  -9.8397482852027596e-01   0.0000000000000000e+00  -1.7830742227538501e-01
  -6.3624114910431495e-01   2.1491123291233899e-01   7.4095233460359600e-01
   3.4773367941644001e-01   3.9321865518724702e-01   8.5115238201642696e-01
   6.3624114910431595e-01  -2.1491123291233999e-01  -7.4095233460359500e-01
   3.4773367941644001e-01  -3.9321865518724702e-01   8.5115238201642696e-01
   6.3624114910431595e-01   2.1491123291233899e-01  -7.4095233460359500e-01
  -3.4773367941644001e-01   3.9321865518724602e-01  -8.5115238201642796e-01
  -6.3624114910431495e-01  -2.1491123291233899e-01   7.4095233460359600e-01
   3.9321865518724602e-01  -8.5115238201642696e-01  -3.4773367941644101e-01
  -8.5115238201642796e-01   3.4773367941644001e-01  -3.9321865518724602e-01
  -3.9321865518724503e-01   8.5115238201642796e-01   3.4773367941644001e-01
   8.5115238201642696e-01  -3.4773367941644001e-01   3.9321865518724602e-01
  -7.4095233460359600e-01  -6.3624114910431495e-01   2.1491123291233799e-01
   2.1491123291233899e-01   7.4095233460359700e-01   6.3624114910431395e-01
   7.4095233460359600e-01   6.3624114910431495e-01  -2.1491123291233899e-01
  -2.1491123291233899e-01  -7.4095233460359600e-01  -6.3624114910431495e-01
  -3.9321865518724503e-01  -8.5115238201642796e-01   3.4773367941644001e-01
   8.5115238201642696e-01   3.4773367941644001e-01   3.9321865518724702e-01
   3.9321865518724702e-01   8.5115238201642696e-01  -3.4773367941644101e-01
  -8.5115238201642796e-01  -3.4773367941644001e-01  -3.9321865518724602e-01
   7.4095233460359600e-01  -6.3624114910431395e-01  -2.1491123291233899e-01
  -2.1491123291233899e-01   7.4095233460359600e-01  -6.3624114910431495e-01
  -7.4095233460359600e-01   6.3624114910431495e-01   2.1491123291233799e-01
   2.1491123291233899e-01  -7.4095233460359600e-01   6.3624114910431495e-01
  -1.0000000000000001e-15  -1.7830742227538601e-01  -9.8397482852027596e-01
  -1.0000000000000001e-15   1.7830742227538601e-01   9.8397482852027596e-01
  -7.4095233460359700e-01  -6.3624114910431495e-01  -2.1491123291233799e-01
  -1.7830742227538601e-01   9.8397482852027596e-01   0.0000000000000000e+00
   7.4095233460359600e-01   6.3624114910431495e-01   2.1491123291233899e-01
   1.7830742227538501e-01  -9.8397482852027596e-01   0.0000000000000000e+00
  -8.5115238201642796e-01   3.4773367941644001e-01   3.9321865518724503e-01
   8.5115238201642696e-01  -3.4773367941644001e-01  -3.9321865518724602e-01
   0.0000000000000000e+00  -1.7830742227538601e-01   9.8397482852027596e-01
  -1.0000000000000001e-15   1.7830742227538601e-01  -9.8397482852027596e-01
   7.4095233460359600e-01  -6.3624114910431495e-01   2.1491123291233899e-01
   1.7830742227538601e-01   9.8397482852027596e-01   0.0000000000000000e+00
  -7.4095233460359600e-01   6.3624114910431495e-01  -2.1491123291233799e-01
  -1.7830742227538601e-01  -9.8397482852027596e-01   0.0000000000000000e+00
   8.5115238201642696e-01   3.4773367941644001e-01  -3.9321865518724702e-01
  -8.5115238201642796e-01  -3.4773367941644001e-01   3.9321865518724503e-01
  -3.9321865518724602e-01  -8.5115238201642796e-01  -3.4773367941644001e-01
   2.1491123291233899e-01   7.4095233460359600e-01  -6.3624114910431395e-01
   3.9321865518724602e-01   8.5115238201642696e-01   3.4773367941644101e-01
  -2.1491123291233799e-01  -7.4095233460359600e-01   6.3624114910431495e-01
  -6.3624114910431495e-01   2.1491123291233899e-01  -7.4095233460359600e-01
   6.3624114910431495e-01  -2.1491123291233899e-01   7.4095233460359600e-01
  -3.4773367941643901e-01  -3.9321865518724503e-01   8.5115238201642796e-01
  -3.9321865518724602e-01   8.5115238201642696e-01  -3.4773367941644001e-01
   3.4773367941644001e-01   3.9321865518724702e-01  -8.5115238201642696e-01
   3.9321865518724602e-01  -8.5115238201642696e-01   3.4773367941644101e-01
  -2.1491123291233899e-01   7.4095233460359600e-01   6.3624114910431495e-01
   2.1491123291233899e-01  -7.4095233460359600e-01  -6.3624114910431495e-01
   6.3624114910431495e-01   2.1491123291233899e-01   7.4095233460359600e-01
  -6.3624114910431495e-01  -2.1491123291233899e-01  -7.4095233460359600e-01
   3.4773367941644001e-01  -3.9321865518724702e-01  -8.5115238201642696e-01
  -3.4773367941644001e-01   3.9321865518724503e-01   8.5115238201642796e-01
  -9.8397482852027596e-01   0.0000000000000000e+00   1.7830742227538501e-01
   9.8397482852027596e-01   0.0000000000000000e+00  -1.7830742227538601e-01
