   9.2489135289160005e-03   4.7524624416230998e-01  -8.7980421970353895e-01
  -2.8747400626970999e-02   9.9623348056997196e-01  -8.1807329430996001e-02
  -2.5652928068013697e-01   2.9087202909016602e-01   9.2172999888617102e-01
  -7.3244747065287896e-01   6.3726133870622703e-01   2.3962197087192999e-01
  -4.5827366057658098e-01   8.4246184604955099e-01  -2.8327246596258199e-01
   3.1471219631415798e-01  -7.4671585184675904e-01   5.8597924032502102e-01
   5.8659940020645696e-01   7.9360636592030098e-01   1.6152423857798900e-01
  -6.3678240586309498e-01   4.2214817365365198e-01   6.4521243560868802e-01
  -5.1909182367414797e-01  -5.4294166064775096e-01  -6.6011971014938597e-01
  -6.6979192924560804e-01   5.6450990410471902e-01  -4.8239749137524301e-01
  -8.6999999999999995e-14   7.1999999999999996e-14  -1.0000000000000000e+00
  -4.0695087638114702e-01   2.4563292318598601e-01  -8.7980421189019298e-01
  -8.7713719375023502e-01   4.7322077863339301e-01  -8.1807322469131000e-02
  -3.8016725815254498e-01  -7.6724872189108007e-02   9.2172997662891598e-01
  -9.1810823493733096e-01  -3.1568745860609898e-01   2.3962198859679101e-01
  -9.5873019481804700e-01   2.4354290403007999e-02  -2.8327245203710699e-01
   8.0403100650435499e-01  -1.0080920202085000e-01   5.8597921922839002e-01
  -3.9398357205571699e-01   9.0481316752364704e-01   1.6152422984197101e-01
  -6.8398225673962798e-01  -3.4039565674960998e-01   6.4521242186691197e-01
   2.1065534925834800e-01  -7.2101753876387897e-01  -6.6011971082805998e-01
  -8.2377588436041305e-01  -2.9780188610525399e-01  -4.8239748027780199e-01
  -4.1619979669689400e-01  -2.2961332689355199e-01  -8.7980421080052695e-01
  -8.4838980443556800e-01  -5.2301271501479896e-01  -8.1807332572499003e-02
  -1.2363792196736700e-01  -3.6759690898151898e-01   9.2172999124408705e-01
  -1.8566077059939601e-01  -9.5294878554473195e-01   2.3962197392822601e-01
  -5.0045652348296799e-01  -8.1810756622953795e-01  -2.8327244515011302e-01
   4.8931879318622901e-01   6.4590667984051497e-01   5.8597924841428894e-01
  -9.8058297842674003e-01   1.1120678814661600e-01   1.6152421703836900e-01
  -4.7199830221308997e-02  -7.6254383906733603e-01   6.4521242201892504e-01
   7.2974719284042100e-01  -1.7807587614222800e-01  -6.6011969890142097e-01
  -1.5398396094925901e-01  -8.6231177652741298e-01  -4.8239749152800698e-01
  -9.2489135288239994e-03  -4.7524624416224698e-01  -8.7980421970357303e-01
   2.8747400626990001e-02  -9.9623348056997096e-01  -8.1807329431000997e-02
   2.5652928068010300e-01  -2.9087202909015403e-01   9.2172999888618501e-01
   7.3244747065287497e-01  -6.3726133870623503e-01   2.3962197087192200e-01
   4.5827366057660401e-01  -8.4246184604953500e-01  -2.8327246596259398e-01
  -3.1471219631413200e-01   7.4671585184678202e-01   5.8597924032500504e-01
  -5.8659940020645696e-01  -7.9360636592029898e-01   1.6152423857800000e-01
   6.3678240586309698e-01  -4.2214817365363100e-01   6.4521243560869901e-01
   5.1909182367418505e-01   5.4294166064770999e-01  -6.6011971014939097e-01
   6.6979192924559905e-01  -5.6450990410473101e-01  -4.8239749137524202e-01
   4.0695087638108701e-01  -2.4563292318593699e-01  -8.7980421189023506e-01
   8.7713719375025301e-01  -4.7322077863336498e-01  -8.1807322469096999e-02
   3.8016725815250701e-01   7.6724872189113003e-02   9.2172997662893097e-01
   9.1810823493734905e-01   3.1568745860605302e-01   2.3962198859678199e-01
   9.5873019481803001e-01  -2.4354290402998000e-02  -2.8327245203716700e-01
  -8.0403100650437498e-01   1.0080920202084900e-01   5.8597921922836305e-01
   3.9398357205571999e-01  -9.0481316752364604e-01   1.6152422984197001e-01
   6.8398225673962398e-01   3.4039565674960398e-01   6.4521242186691996e-01
  -2.1065534925838500e-01   7.2101753876386598e-01  -6.6011971082806298e-01
   8.2377588436042803e-01   2.9780188610524899e-01  -4.8239748027777901e-01
   4.1619979669691698e-01   2.2961332689347499e-01  -8.7980421080053695e-01
   8.4838980443556000e-01   5.2301271501481905e-01  -8.1807332572450001e-02
   1.2363792196733800e-01   3.6759690898152497e-01   9.2172999124408805e-01
   1.8566077059942701e-01   9.5294878554472595e-01   2.3962197392822701e-01
   5.0045652348297098e-01   8.1810756622951897e-01  -2.8327244515016198e-01
  -4.8931879318619997e-01  -6.4590667984054295e-01   5.8597924841428295e-01
   9.8058297842674103e-01  -1.1120678814661800e-01   1.6152421703835901e-01
   4.7199830221334997e-02   7.6254383906733703e-01   6.4521242201892304e-01
  -7.2974719284044198e-01   1.7807587614214901e-01  -6.6011969890141897e-01
   1.5398396094926101e-01   8.6231177652741897e-01  -4.8239749152799599e-01
