   3.3660174087781503e-01  -3.1490132094976597e-01   8.8743249101107302e-01
  -3.3660174087781503e-01   3.1490132094976597e-01   8.8743249101107202e-01
  -1.0442733184952900e-01  -4.4896785509674197e-01   8.8742481228136705e-01
   1.0442733184952900e-01   4.4896785509674197e-01   8.8742481228136705e-01
  -4.4104398891280699e-01  -1.3404515377323900e-01   8.8741878309724098e-01
   4.4104398891280699e-01   1.3404515377323900e-01   8.8741878309724098e-01
  -1.5575274892372801e-01  -8.3484819229913099e-01   5.2798634169604797e-01
   1.5575274892372801e-01   8.3484819229913099e-01   5.2798634169604797e-01
  -6.4508122904487497e-01   5.5236116000156998e-01   5.2798423921143001e-01
   6.4508122904487497e-01  -5.5236116000156998e-01   5.2798423921143001e-01
  -8.0090816876530802e-01  -2.8252429317966998e-01   5.2794519504237303e-01
   8.0090816876530802e-01   2.8252429317966998e-01   5.2794519504237303e-01
  -5.1489134921453505e-01  -7.7537140653301895e-01   3.6563107148469098e-01
   5.1489134921453406e-01   7.7537140653301995e-01   3.6563107148469098e-01
   9.2893847327480805e-01  -5.8238806601167002e-02   3.6562488191525100e-01
  -9.2893847327480805e-01   5.8238806601168001e-02   3.6562488191525000e-01
  -4.1408217016042798e-01   8.3360677749126699e-01   3.6556216554213500e-01
   4.1408217016042798e-01  -8.3360677749126699e-01   3.6556216554213500e-01
   0.0000000000000000e+00   0.0000000000000000e+00  -1.0000000000000000e+00
   9.2704544105006703e-01  -3.7459378434164903e-01  -1.6317075745645001e-02
  -9.2704544105006703e-01   3.7459378434164903e-01  -1.6317075745646000e-02
  -1.3906054432709999e-01   9.9014918554970199e-01  -1.6332647265897001e-02
   1.3906054432710099e-01  -9.9014918554970199e-01  -1.6332647265898000e-02
  -7.8790989148229196e-01  -6.1557351228425505e-01  -1.6347901345102001e-02
   7.8790989148229196e-01   6.1557351228425505e-01  -1.6347901345102001e-02
  -9.3304363136576396e-01  -2.6422651244325202e-01  -2.4415964467918200e-01
   9.3304363136576396e-01   2.6422651244325202e-01  -2.4415964467918200e-01
  -2.3775031310360201e-01  -9.4013249884643602e-01  -2.4418368748115499e-01
   2.3775031310360001e-01   9.4013249884643701e-01  -2.4418368748115599e-01
  -6.9534522542907895e-01   6.7591049308149398e-01  -2.4421306847774499e-01
   6.9534522542907895e-01  -6.7591049308149398e-01  -2.4421306847774499e-01
  -3.4599017267813298e-01   7.7743082177407496e-01  -5.2525433626562501e-01
   3.4599017267813198e-01  -7.7743082177407496e-01  -5.2525433626562501e-01
  -8.4625826819602101e-01   8.9033780718190000e-02  -5.2528081004439597e-01
   8.4625826819602101e-01  -8.9033780718190000e-02  -5.2528081004439597e-01
  -5.0024300326514803e-01  -6.8829320078537004e-01  -5.2536597476130398e-01
   5.0024300326514803e-01   6.8829320078537004e-01  -5.2536597476130398e-01
  -4.0175983723670999e-01   3.9008263990517600e-01  -8.2850743341755295e-01
   4.0175983723670999e-01  -3.9008263990517600e-01  -8.2850743341755295e-01
  -1.3690082730137901e-01  -5.4296481192470902e-01  -8.2852119857959206e-01
   1.3690082730137901e-01   5.4296481192470902e-01  -8.2852119857959206e-01
  -5.3868619200624301e-01  -1.5284474842890100e-01  -8.2852620321841297e-01
   5.3868619200624301e-01   1.5284474842890100e-01  -8.2852620321841297e-01
