   8.5034020740731087e-01   4.6232062781765632e-01   2.5135864568536243e-01
   8.5034020740731087e-01  -4.6232062781765632e-01  -2.5135864568536243e-01
   8.5034020740731087e-01   2.5135864568536243e-01  -4.6232062781765632e-01
   8.5034020740731087e-01  -2.5135864568536243e-01   4.6232062781765632e-01
  -8.5034020740731087e-01   4.6232062781765632e-01  -2.5135864568536243e-01
  -8.5034020740731087e-01  -4.6232062781765632e-01   2.5135864568536243e-01
  -8.5034020740731087e-01   2.5135864568536243e-01   4.6232062781765632e-01
  -8.5034020740731087e-01  -2.5135864568536243e-01  -4.6232062781765632e-01
   2.5135864568536243e-01   8.5034020740731087e-01   4.6232062781765632e-01
  -2.5135864568536243e-01   8.5034020740731087e-01  -4.6232062781765632e-01
  -4.6232062781765632e-01   8.5034020740731087e-01   2.5135864568536243e-01
   4.6232062781765632e-01   8.5034020740731087e-01  -2.5135864568536243e-01
  -2.5135864568536243e-01  -8.5034020740731087e-01   4.6232062781765632e-01
   2.5135864568536243e-01  -8.5034020740731087e-01  -4.6232062781765632e-01
   4.6232062781765632e-01  -8.5034020740731087e-01   2.5135864568536243e-01
  -4.6232062781765632e-01  -8.5034020740731087e-01  -2.5135864568536243e-01
   4.6232062781765632e-01   2.5135864568536243e-01   8.5034020740731087e-01
  -4.6232062781765632e-01  -2.5135864568536243e-01   8.5034020740731087e-01
   2.5135864568536243e-01  -4.6232062781765632e-01   8.5034020740731087e-01
  -2.5135864568536243e-01   4.6232062781765632e-01   8.5034020740731087e-01
   4.6232062781765632e-01  -2.5135864568536243e-01  -8.5034020740731087e-01
  -4.6232062781765632e-01   2.5135864568536243e-01  -8.5034020740731087e-01
   2.5135864568536243e-01   4.6232062781765632e-01  -8.5034020740731087e-01
  -2.5135864568536243e-01  -4.6232062781765632e-01  -8.5034020740731087e-01
