   0.0000000000000000e+00   0.0000000000000000e+00   1.0000000000000000e+00
   0.0000000000000000e+00   0.0000000000000000e+00  -1.0000000000000000e+00
   1.0000000000000000e+00   0.0000000000000000e+00   0.0000000000000000e+00
  -5.0000000000000000e-01   8.6602540378443860e-01   0.0000000000000000e+00
  -5.0000000000000000e-01  -8.6602540378443860e-01   0.0000000000000000e+00
   5.6662274145293878e-01  -6.3337263209786565e-01   5.2704627669472992e-01
   2.6520541873209741e-01   8.0739600450915971e-01   5.2704627669472992e-01
  -8.3182816018503625e-01  -1.7402337241129406e-01   5.2704627669472992e-01
   5.6662274145293878e-01   6.3337263209786565e-01  -5.2704627669472992e-01
  -8.3182816018503625e-01   1.7402337241129406e-01  -5.2704627669472992e-01
   2.6520541873209741e-01  -8.0739600450915971e-01  -5.2704627669472992e-01
