   8.9890353517914323e-01   4.3551221128474710e-01   4.7974454288805549e-02
   8.9890353517914323e-01  -4.3551221128474710e-01  -4.7974454288805549e-02
   8.9890353517914323e-01   4.7974454288805549e-02  -4.3551221128474710e-01
   8.9890353517914323e-01  -4.7974454288805549e-02   4.3551221128474710e-01
  -8.9890353517914323e-01   4.3551221128474710e-01  -4.7974454288805549e-02
  -8.9890353517914323e-01  -4.3551221128474710e-01   4.7974454288805549e-02
  -8.9890353517914323e-01   4.7974454288805549e-02   4.3551221128474710e-01
  -8.9890353517914323e-01  -4.7974454288805549e-02  -4.3551221128474710e-01
   4.7974454288805549e-02   8.9890353517914323e-01   4.3551221128474710e-01
  -4.7974454288805549e-02   8.9890353517914323e-01  -4.3551221128474710e-01
  -4.3551221128474710e-01   8.9890353517914323e-01   4.7974454288805549e-02
   4.3551221128474710e-01   8.9890353517914323e-01  -4.7974454288805549e-02
  -4.7974454288805549e-02  -8.9890353517914323e-01   4.3551221128474710e-01
   4.7974454288805549e-02  -8.9890353517914323e-01  -4.3551221128474710e-01
   4.3551221128474710e-01  -8.9890353517914323e-01   4.7974454288805549e-02
  -4.3551221128474710e-01  -8.9890353517914323e-01  -4.7974454288805549e-02
   4.3551221128474710e-01   4.7974454288805549e-02   8.9890353517914323e-01
  -4.3551221128474710e-01  -4.7974454288805549e-02   8.9890353517914323e-01
   4.7974454288805549e-02  -4.3551221128474710e-01   8.9890353517914323e-01
  -4.7974454288805549e-02   4.3551221128474710e-01   8.9890353517914323e-01
   4.3551221128474710e-01  -4.7974454288805549e-02  -8.9890353517914323e-01
  -4.3551221128474710e-01   4.7974454288805549e-02  -8.9890353517914323e-01
   4.7974454288805549e-02   4.3551221128474710e-01  -8.9890353517914323e-01
  -4.7974454288805549e-02  -4.3551221128474710e-01  -8.9890353517914323e-01
   5.7735026918962573e-01   5.7735026918962573e-01   5.7735026918962573e-01
   5.7735026918962573e-01   5.7735026918962573e-01  -5.7735026918962573e-01
   5.7735026918962573e-01  -5.7735026918962573e-01   5.7735026918962573e-01
   5.7735026918962573e-01  -5.7735026918962573e-01  -5.7735026918962573e-01
  -5.7735026918962573e-01   5.7735026918962573e-01   5.7735026918962573e-01
  -5.7735026918962573e-01   5.7735026918962573e-01  -5.7735026918962573e-01
  -5.7735026918962573e-01  -5.7735026918962573e-01   5.7735026918962573e-01
  -5.7735026918962573e-01  -5.7735026918962573e-01  -5.7735026918962573e-01
