   0.0000000000000000e+00   0.0000000000000000e+00   1.0000000000000000e+00
   8.4507402368627693e-01   0.0000000000000000e+00   5.3464931917162850e-01
   0.0000000000000000e+00   8.4507402368627693e-01   5.3464931917162850e-01
  -8.4507402368627693e-01   0.0000000000000000e+00   5.3464931917162850e-01
   0.0000000000000000e+00  -8.4507402368627693e-01   5.3464931917162850e-01
   9.9893359911527813e-01   0.0000000000000000e+00  -4.6169952984562404e-02
   0.0000000000000000e+00  -9.9893359911527813e-01  -4.6169952984562404e-02
  -9.9893359911527813e-01   0.0000000000000000e+00  -4.6169952984562404e-02
   0.0000000000000000e+00   9.9893359911527813e-01  -4.6169952984562404e-02
   6.7427607529553446e-01   0.0000000000000000e+00  -7.3847936618706600e-01
   0.0000000000000000e+00  -6.7427607529553446e-01  -7.3847936618706600e-01
  -6.7427607529553446e-01   0.0000000000000000e+00  -7.3847936618706600e-01
   0.0000000000000000e+00   6.7427607529553446e-01  -7.3847936618706600e-01
