   0.0000000000000000e+00  -3.2852890520000002e-05   9.9999999946034401e-01
   0.0000000000000000e+00  -6.4692841856458205e-01   7.6255073356041603e-01
  -5.6013704801061603e-01   3.2336140386927897e-01   7.6268203724333405e-01
   5.6013704801061603e-01   3.2336140386927897e-01   7.6268203724333405e-01
  -9.7257732846185796e-01   4.5065201717436998e-02   2.2817201352524100e-01
   4.4733624171168601e-01  -8.6478669963117705e-01   2.2811017292589300e-01
   5.2530713639537097e-01   8.1976872740342899e-01   2.2810446296260301e-01
   9.7257732846185796e-01   4.5065201717437997e-02   2.2817201352524100e-01
  -5.2530713639537097e-01   8.1976872740342899e-01   2.2810446296260301e-01
  -4.4733624171168501e-01  -8.6478669963117705e-01   2.2811017292589300e-01
   4.8833407201084500e-01   4.6745222301206801e-01  -7.3689772242447804e-01
  -6.4908420829134805e-01   1.8928170461207300e-01  -7.3679177984417199e-01
   1.6058529400043201e-01  -6.5667970349790405e-01  -7.3687456894962700e-01
  -4.8833407201084500e-01   4.6745222301206701e-01  -7.3689772242447804e-01
   6.4908420829134705e-01   1.8928170461207300e-01  -7.3679177984417199e-01
  -1.6058529400043201e-01  -6.5667970349790405e-01  -7.3687456894962700e-01
   0.0000000000000000e+00   9.9692095992176399e-01  -7.8413007012024000e-02
  -8.6335455149600704e-01  -4.9844270171853300e-01  -7.8573478443161995e-02
   8.6335455149600704e-01  -4.9844270171853300e-01  -7.8573478443161995e-02
