  -3.8483621107099998e-04   6.7859437382000005e-05   9.9999992364809098e-01
  -2.1377546461872199e-01   9.7325560971309300e-01   8.4104511704453003e-02
   9.4977596389610097e-01  -3.0145567412875701e-01   8.3964843481120002e-02
  -7.3592727024293503e-01  -6.7184645129676202e-01   8.3865361101763000e-02
   3.5059876593163802e-01  -4.6004999962095200e-01   8.1574168900208499e-01
   2.2306711433156601e-01   5.3371684367028405e-01   8.1571281299635001e-01
  -5.7434188501216599e-01  -7.4027343389744996e-02   8.1526152340910096e-01
   6.0691847323422499e-01   9.6219214664090003e-02   7.8891813870417704e-01
  -3.8718990336447701e-01   4.7724791455044002e-01   7.8887160348808505e-01
  -2.2013399514744800e-01  -5.7383451473180602e-01   7.8883139762748800e-01
   1.6702611117775501e-01   8.8192126791206205e-01   4.4081419599329802e-01
   6.8026258702014697e-01  -5.8573994086018599e-01   4.4062629787810398e-01
  -8.4775508785599696e-01  -2.9589833757366302e-01   4.4017665185174698e-01
  -6.0674844140525297e-01   6.8137844099297595e-01   4.0936505591254002e-01
   8.9351033710221905e-01   1.8467583264505899e-01   4.0930931375712998e-01
  -2.8712533031430598e-01  -8.6610555278484203e-01   4.0917015546977997e-01
   2.7384120294260300e-01  -9.2658123755727995e-01   2.5779489090703100e-01
   6.6554061956539401e-01   7.0048372566961603e-01   2.5763973641603699e-01
  -9.3956346822575099e-01   2.2647084410174600e-01   2.5677119376488000e-01
  -2.0797135578556200e-01  -9.5558369469315896e-01  -2.0882460968307101e-01
   9.3170479294015096e-01   2.9717327913366198e-01  -2.0884018047611699e-01
  -7.2304664423048703e-01   6.5842245530145305e-01  -2.0900579088110999e-01
   5.4115289702345803e-01   8.0610673174142899e-01  -2.3946916102970400e-01
   4.2779672261433299e-01  -8.7156013871701299e-01  -2.3952638418349001e-01
  -9.6850336639858703e-01   6.5313159772902002e-02  -2.4028196027809501e-01
  -7.4385373685070004e-03   9.2463981624785496e-01  -3.8077011223433799e-01
   8.0453017402436999e-01  -4.5559816341993598e-01  -3.8100067266698801e-01
  -7.9670083147237103e-01  -4.6910137202537100e-01  -3.8106651374155998e-01
  -2.6837510664429098e-01  -7.2909502978979102e-01  -6.2959926911448105e-01
   7.6551079283051904e-01   1.3230391907096500e-01  -6.2967364488157995e-01
  -4.9701894138726199e-01   5.9704557953593096e-01  -6.2968940586521704e-01
   3.3930436284396798e-01   5.8322143490982803e-01  -7.3805508413449095e-01
   3.3532653200579299e-01  -5.8549698480698698e-01  -7.3807140421160800e-01
  -6.7437855927880497e-01   2.4748835155300000e-03  -7.3838163150001801e-01
   3.5413088965311501e-01  -8.2955029866490004e-02  -9.3150940736706600e-01
  -2.4861678045764399e-01  -2.6522187823471699e-01  -9.3158308903743203e-01
  -1.0500253371570600e-01   3.4801253091115297e-01  -9.3159097582688899e-01
