   7.8097731415220195e-01  -5.1726192535235904e-01   3.5002076418461697e-01
   5.7482091790714999e-02  -9.3497698549435604e-01   3.5001977904005599e-01
  -8.3845075096339905e-01   4.1771312082849699e-01   3.5002298052646402e-01
  -8.3845075096339905e-01  -4.1771312082849699e-01   3.5002298052646402e-01
   5.7482091790715999e-02   9.3497698549435604e-01   3.5001977904005699e-01
   7.8097731415220195e-01   5.1726192535235904e-01   3.5002076418461697e-01
  -7.8097731415220195e-01  -5.1726192535235904e-01  -3.5002076418461697e-01
  -5.7482091790715999e-02  -9.3497698549435704e-01  -3.5001977904005599e-01
   8.3845075096339905e-01   4.1771312082849699e-01  -3.5002298052646402e-01
   8.3845075096339905e-01  -4.1771312082849699e-01  -3.5002298052646402e-01
  -7.8097731415220195e-01   5.1726192535235904e-01  -3.5002076418461697e-01
  -5.7482091790714999e-02   9.3497698549435604e-01  -3.5001977904005599e-01
  -2.4750268545542101e-01   4.2868856511968501e-01   8.6888925348860202e-01
   4.9500101576510602e-01   0.0000000000000000e+00   8.6889239517417405e-01
  -2.4750268545542101e-01  -4.2868856511968501e-01   8.6888925348860202e-01
   2.4750268545542101e-01   4.2868856511968501e-01  -8.6888925348860202e-01
  -4.9500101576510602e-01   0.0000000000000000e+00  -8.6889239517417405e-01
   2.4750268545542101e-01  -4.2868856511968501e-01  -8.6888925348860202e-01
