  -8.9380497776113599e-01  -4.2686219112449703e-01   1.3748211344683400e-01
  -4.2686219124109198e-01   1.3748211344528799e-01  -8.9380497770569101e-01
   8.9380497777015699e-01   4.2686219112815699e-01   1.3748211337682301e-01
   1.3748211329640000e-01  -8.9380497773949097e-01  -4.2686219121827101e-01
   4.2686219127273101e-01   1.3748211337734501e-01   8.9380497770103196e-01
   1.3748211352903300e-01   8.9380497770777501e-01   4.2686219120975599e-01
   4.2686219118598301e-01  -1.3748211347499301e-01  -8.9380497772744105e-01
  -1.3748211332429100e-01   8.9380497772527900e-01  -4.2686219123904701e-01
  -4.2686219121741398e-01  -1.3748211334728799e-01   8.9380497773207301e-01
  -1.3748211350107101e-01  -8.9380497769365497e-01   4.2686219124832803e-01
  -8.9380497767254796e-01   4.2686219132807102e-01  -1.3748211339070299e-01
   8.9380497766355305e-01  -4.2686219133325998e-01  -1.3748211343306499e-01
   9.8308660038557405e-01   2.2300380107522000e-02  -1.8177851685332300e-01
   2.2300380232394001e-02  -1.8177851680872600e-01   9.8308660039098805e-01
  -9.8308660039661300e-01  -2.2300380113322998e-02  -1.8177851679291501e-01
  -1.8177851671047099e-01   9.8308660040963103e-01   2.2300380211455001e-02
  -2.2300380272854001e-02  -1.8177851683668600e-01  -9.8308660038490003e-01
  -1.8177851693600999e-01  -9.8308660036817896e-01  -2.2300380200375999e-02
  -2.2300380170800001e-02   1.8177851684187499e-01   9.8308660038625595e-01
   1.8177851671097900e-01  -9.8308660040904405e-01   2.2300380233212000e-02
   2.2300380212558001e-02   1.8177851680408100e-01  -9.8308660039229701e-01
   1.8177851693438399e-01   9.8308660036750295e-01  -2.2300380243430999e-02
   9.8308660039162898e-01  -2.2300380332372000e-02   1.8177851679299600e-01
  -9.8308660038057005e-01   2.2300380337865001e-02   1.8177851685212801e-01
  -8.9795198697187495e-01   3.7669560303536498e-01   2.2755801841966400e-01
   3.7669560292752802e-01   2.2755801833920600e-01  -8.9795198703750301e-01
   8.9795198698605305e-01  -3.7669560302856903e-01   2.2755801837496600e-01
   2.2755801830555400e-01  -8.9795198704190404e-01   3.7669560293736598e-01
  -3.7669560287526099e-01   2.2755801845525400e-01   8.9795198703001999e-01
   2.2755801848656701e-01   8.9795198699047996e-01  -3.7669560295060001e-01
  -3.7669560298251098e-01  -2.2755801836890999e-01  -8.9795198700691004e-01
  -2.2755801828093900e-01   8.9795198705476698e-01   3.7669560292157300e-01
   3.7669560293143700e-01  -2.2755801842557999e-01   8.9795198701397405e-01
  -2.2755801851134899e-01  -8.9795198700234802e-01  -3.7669560290733900e-01
  -8.9795198707219404e-01  -3.7669560283063702e-01  -2.2755801836270700e-01
   8.9795198705781898e-01   3.7669560282305098e-01  -2.2755801843198900e-01
  -1.7133015124522100e-01   4.5978619495305501e-01  -8.7134530136156796e-01
   4.5978619484311700e-01  -8.7134530141464905e-01  -1.7133015127029200e-01
   1.7133015119121900e-01  -4.5978619498233397e-01  -8.7134530135673605e-01
  -8.7134530136475397e-01  -1.7133015116298100e-01   4.5978619497766199e-01
  -4.5978619504243201e-01  -8.7134530130373800e-01   1.7133015129947199e-01
  -8.7134530135340704e-01   1.7133015136272700e-01  -4.5978619492473399e-01
  -4.5978619485520200e-01   8.7134530140841004e-01  -1.7133015126959200e-01
   8.7134530139283495e-01   1.7133015117818301e-01   4.5978619491877998e-01
   4.5978619505441198e-01   8.7134530130903798e-01   1.7133015124036799e-01
   8.7134530132548604e-01  -1.7133015137735499e-01  -4.5978619497219603e-01
  -1.7133015129661000e-01  -4.5978619491300299e-01   8.7134530137259703e-01
   1.7133015135073601e-01   4.5978619494298301e-01   8.7134530134613497e-01
  -3.9719170229722300e-01  -5.4809559064922597e-01  -7.3609101009121902e-01
  -5.4809559077890202e-01  -7.3609101005655697e-01  -3.9719170218251498e-01
   3.9719170225022099e-01   5.4809559062520496e-01  -7.3609101013446698e-01
  -7.3609101017476397e-01  -3.9719170213708299e-01  -5.4809559065307500e-01
   5.4809559061021196e-01  -7.3609101016913103e-01   3.9719170220666900e-01
  -7.3609101004919397e-01   3.9719170230588902e-01   5.4809559069938496e-01
   5.4809559075252900e-01   7.3609101004411703e-01  -3.9719170224196199e-01
   7.3609101013992495e-01   3.9719170211960197e-01  -5.4809559071253100e-01
  -5.4809559058438595e-01   7.3609101018262502e-01   3.9719170221729999e-01
   7.3609101008378197e-01  -3.9719170228798001e-01   5.4809559066591196e-01
  -3.9719170212526000e-01   5.4809559074041903e-01   7.3609101011610600e-01
   3.9719170217138600e-01  -5.4809559071629499e-01   7.3609101010917899e-01
   3.7947472553495598e-01   6.9627727809449003e-01   6.0925929183681504e-01
   6.9627727821044105e-01   6.0925929178711402e-01   3.7947472540200100e-01
  -3.7947472549557598e-01  -6.9627727807416095e-01   6.0925929188457595e-01
   6.0925929192595296e-01   3.7947472537621302e-01   6.9627727810300799e-01
  -6.9627727807105599e-01   6.0925929193388795e-01  -3.7947472542210198e-01
   6.0925929179590999e-01  -3.7947472551554201e-01  -6.9627727814086404e-01
  -6.9627727818590601e-01  -6.0925929177484905e-01   3.7947472546671301e-01
  -6.0925929188287797e-01  -3.7947472535308902e-01   6.9627727815330298e-01
   6.9627727804654804e-01  -6.0925929194658901e-01  -3.7947472544667599e-01
  -6.0925929183873695e-01   3.7947472549309502e-01  -6.9627727811562301e-01
   3.7947472533629001e-01  -6.9627727818159502e-01  -6.0925929186100802e-01
  -3.7947472537523702e-01   6.9627727816121598e-01  -6.0925929186003902e-01
  -6.7870144647032804e-01   7.2976421347908105e-01   8.2513873284096997e-02
   7.2976421338977204e-01   8.2513873179234004e-02  -6.7870144657910403e-01
   6.7870144647477204e-01  -7.2976421347721998e-01   8.2513873263994994e-02
   8.2513873217670994e-02  -6.7870144655254705e-01   7.2976421341012498e-01
  -7.2976421337097397e-01   8.2513873368402005e-02   6.7870144657631803e-01
   8.2513873326892001e-02   6.7870144653469200e-01  -7.2976421341438102e-01
  -7.2976421343128395e-01  -8.2513873201736004e-02  -6.7870144653173303e-01
  -8.2513873171693994e-02   6.7870144657739895e-01   7.2976421339220998e-01
   7.2976421341279696e-01  -8.2513873346680006e-02   6.7870144653399000e-01
  -8.2513873373654997e-02  -6.7870144655833597e-01  -7.2976421338710395e-01
  -6.7870144664154097e-01  -7.2976421332482699e-01  -8.2513873240061000e-02
   6.7870144663701604e-01   7.2976421332134400e-01  -8.2513873308074998e-02
