  -1.5879677670873699e-01  -1.9860116774192099e-01  -9.6713037377514999e-01
   1.5879677670873699e-01  -1.9860116774192099e-01  -9.6713037377514999e-01
  -1.5879677670873699e-01   1.9860116774192099e-01  -9.6713037377514999e-01
   1.5879677670873699e-01   1.9860116774192099e-01  -9.6713037377514999e-01
   4.4601030731733898e-01   7.7350897549425102e-01   4.5028732004857402e-01
  -4.4601030731733898e-01   7.7350897549425102e-01   4.5028732004857402e-01
   4.4601030731733898e-01  -7.7350897549425102e-01   4.5028732004857402e-01
  -4.4601030731733898e-01  -7.7350897549425102e-01   4.5028732004857402e-01
  -5.3719271099852395e-01   8.2574053851966100e-01   1.7197835414759999e-01
   5.3719271099852395e-01   8.2574053851966100e-01   1.7197835414759999e-01
  -5.3719271099852395e-01  -8.2574053851966100e-01   1.7197835414759999e-01
   5.3719271099852395e-01  -8.2574053851966100e-01   1.7197835414759999e-01
  -3.8680058654974198e-01  -1.4220611509686201e-01   9.1113266162169504e-01
   3.8680058654974198e-01  -1.4220611509686201e-01   9.1113266162169504e-01
  -3.8680058654974198e-01   1.4220611509686201e-01   9.1113266162169504e-01
   3.8680058654974198e-01   1.4220611509686201e-01   9.1113266162169504e-01
   9.8428430425928604e-01  -1.6136689130605600e-01  -7.1729594861757007e-02
  -9.8428430425928604e-01  -1.6136689130605600e-01  -7.1729594861757007e-02
   9.8428430425928604e-01   1.6136689130605600e-01  -7.1729594861757007e-02
  -9.8428430425928604e-01   1.6136689130605600e-01  -7.1729594861757007e-02
  -7.0657683767126100e-01   4.9855686713393099e-01   5.0218544652357300e-01
   7.0657683767126100e-01   4.9855686713393099e-01   5.0218544652357300e-01
  -7.0657683767126100e-01  -4.9855686713393099e-01   5.0218544652357300e-01
   7.0657683767126100e-01  -4.9855686713393099e-01   5.0218544652357300e-01
  -6.4716482278520504e-01  -5.2081310322308805e-01  -5.5671483154352097e-01
   6.4716482278520504e-01  -5.2081310322308805e-01  -5.5671483154352097e-01
  -6.4716482278520504e-01   5.2081310322308805e-01  -5.5671483154352097e-01
   6.4716482278520504e-01   5.2081310322308805e-01  -5.5671483154352097e-01
   8.5585858164246698e-01  -1.4313595453723399e-01  -4.9700924211493303e-01
  -8.5585858164246698e-01  -1.4313595453723399e-01  -4.9700924211493303e-01
   8.5585858164246698e-01   1.4313595453723399e-01  -4.9700924211493303e-01
  -8.5585858164246698e-01   1.4313595453723399e-01  -4.9700924211493303e-01
   2.0175362400240701e-01   5.5904631748847300e-01   8.0421557439810398e-01
  -2.0175362400240701e-01   5.5904631748847300e-01   8.0421557439810398e-01
   2.0175362400240701e-01  -5.5904631748847300e-01   8.0421557439810398e-01
  -2.0175362400240701e-01  -5.5904631748847300e-01   8.0421557439810398e-01
   8.8535525107622803e-01   3.9543453945118501e-01  -2.4449458971678600e-01
  -8.8535525107622803e-01   3.9543453945118501e-01  -2.4449458971678600e-01
   8.8535525107622803e-01  -3.9543453945118501e-01  -2.4449458971678600e-01
  -8.8535525107622803e-01  -3.9543453945118501e-01  -2.4449458971678600e-01
   1.5474262205542300e-01   8.2164069778009896e-01   5.4859938449732604e-01
  -1.5474262205542300e-01   8.2164069778009896e-01   5.4859938449732604e-01
   1.5474262205542300e-01  -8.2164069778009896e-01   5.4859938449732604e-01
  -1.5474262205542300e-01  -8.2164069778009896e-01   5.4859938449732604e-01
   4.9480582934418599e-01  -4.3831419100827501e-01   7.5036515191456898e-01
  -4.9480582934418599e-01  -4.3831419100827501e-01   7.5036515191456898e-01
   4.9480582934418599e-01   4.3831419100827501e-01   7.5036515191456898e-01
  -4.9480582934418599e-01   4.3831419100827501e-01   7.5036515191456898e-01
   7.5247665854385504e-01   6.5693858357643897e-01  -4.7016760365394997e-02
  -7.5247665854385504e-01   6.5693858357643897e-01  -4.7016760365394997e-02
   7.5247665854385504e-01  -6.5693858357643897e-01  -4.7016760365394997e-02
  -7.5247665854385504e-01  -6.5693858357643897e-01  -4.7016760365394997e-02
  -8.5129214521783103e-01  -4.7524668552719301e-01   2.2235618135289201e-01
   8.5129214521783103e-01  -4.7524668552719301e-01   2.2235618135289201e-01
  -8.5129214521783103e-01   4.7524668552719301e-01   2.2235618135289201e-01
   8.5129214521783103e-01   4.7524668552719301e-01   2.2235618135289201e-01
  -6.1301516847758997e-01  -2.5966115713512899e-01  -7.4618260948084103e-01
   6.1301516847758997e-01  -2.5966115713512899e-01  -7.4618260948084103e-01
  -6.1301516847758997e-01   2.5966115713512899e-01  -7.4618260948084103e-01
   6.1301516847758997e-01   2.5966115713512899e-01  -7.4618260948084103e-01
   7.3934771955986900e-01   1.3587082000727299e-01   6.5947256944635102e-01
  -7.3934771955986900e-01   1.3587082000727299e-01   6.5947256944635102e-01
   7.3934771955986900e-01  -1.3587082000727299e-01   6.5947256944635102e-01
  -7.3934771955986900e-01  -1.3587082000727299e-01   6.5947256944635102e-01
   5.7891157472197996e-01   7.4173567712984001e-01  -3.3865849158947098e-01
  -5.7891157472197996e-01   7.4173567712984001e-01  -3.3865849158947098e-01
   5.7891157472197996e-01  -7.4173567712984001e-01  -3.3865849158947098e-01
  -5.7891157472197996e-01  -7.4173567712984001e-01  -3.3865849158947098e-01
   2.8258238711410499e-01  -4.5505222839109100e-01  -8.4443748373055805e-01
  -2.8258238711410499e-01  -4.5505222839109100e-01  -8.4443748373055805e-01
   2.8258238711410499e-01   4.5505222839109100e-01  -8.4443748373055805e-01
  -2.8258238711410499e-01   4.5505222839109100e-01  -8.4443748373055805e-01
   1.2253927955225700e-01   9.8083695934747095e-01   1.5146941653291199e-01
  -1.2253927955225700e-01   9.8083695934747095e-01   1.5146941653291199e-01
   1.2253927955225700e-01  -9.8083695934747095e-01   1.5146941653291199e-01
  -1.2253927955225700e-01  -9.8083695934747095e-01   1.5146941653291199e-01
   1.4465001259400301e-01  -9.2326398600873405e-01  -3.5589322274499602e-01
  -1.4465001259400301e-01  -9.2326398600873405e-01  -3.5589322274499602e-01
   1.4465001259400301e-01   9.2326398600873405e-01  -3.5589322274499602e-01
  -1.4465001259400301e-01   9.2326398600873405e-01  -3.5589322274499602e-01
  -9.3733507120590598e-01   1.5944201195128399e-01   3.0980834254801198e-01
   9.3733507120590598e-01   1.5944201195128399e-01   3.0980834254801198e-01
  -9.3733507120590598e-01  -1.5944201195128399e-01   3.0980834254801198e-01
   9.3733507120590598e-01  -1.5944201195128399e-01   3.0980834254801198e-01
   3.0884104243763300e-01  -7.2557266035569101e-01  -6.1494839218458097e-01
  -3.0884104243763300e-01  -7.2557266035569101e-01  -6.1494839218458097e-01
   3.0884104243763300e-01   7.2557266035569101e-01  -6.1494839218458097e-01
  -3.0884104243763300e-01   7.2557266035569101e-01  -6.1494839218458097e-01
   3.4722233780502998e-01   9.3120968736124898e-01  -1.1083846937672499e-01
  -3.4722233780502998e-01   9.3120968736124898e-01  -1.1083846937672499e-01
   3.4722233780502998e-01  -9.3120968736124898e-01  -1.1083846937672499e-01
  -3.4722233780502998e-01  -9.3120968736124898e-01  -1.1083846937672499e-01
   0.0000000000000000e+00  -6.6715742652261500e-01  -7.4491675255408396e-01
   0.0000000000000000e+00   6.6715742652261500e-01  -7.4491675255408396e-01
   0.0000000000000000e+00   3.1978793561030799e-01   9.4748914307135901e-01
   0.0000000000000000e+00  -3.1978793561030799e-01   9.4748914307135901e-01
  -4.8193844936694502e-01   0.0000000000000000e+00  -8.7620507361107203e-01
   4.8193844936694502e-01   0.0000000000000000e+00  -8.7620507361107203e-01
   0.0000000000000000e+00   0.0000000000000000e+00   1.0000000000000000e+00
