   4.1787628477241701e-01  -8.0540908583635795e-01   4.2035177539418600e-01
  -4.1787628477503802e-01   8.0540908583307502e-01   4.2035177539787100e-01
  -5.8670777996490098e-01  -1.6434370970058301e-01  -7.9294711425826403e-01
   5.8670777996250401e-01   1.6434370969417300e-01  -7.9294711426136599e-01
   9.3841774908702402e-01   3.4323972009788301e-01  -3.9479396469183997e-02
  -9.3841774908063402e-01  -3.4323972011517800e-01  -3.9479396470699001e-02
  -6.8032789830105000e-01   7.2008875969097397e-01  -1.3647757676626299e-01
   6.8032789831565499e-01  -7.2008875967681696e-01  -1.3647757676815500e-01
  -6.4381687738708804e-01   7.0254092871846396e-01   3.0320961704230098e-01
   6.4381687738875804e-01  -7.0254092871741003e-01   3.0320961704119598e-01
  -3.8729595941164402e-01  -1.8674362599000000e-01   9.0284475851362300e-01
   3.8729595940286399e-01   1.8674362597718300e-01   9.0284475852003998e-01
   5.3598038256052205e-01  -7.8416227875984998e-02   8.4058070684258401e-01
  -5.3598038256383596e-01   7.8416227865394997e-02   8.4058070684145902e-01
   7.2824002480904004e-01   6.8428534907430805e-01   3.7683249705680003e-02
  -7.2824002478526095e-01  -6.8428534909945204e-01   3.7683249708646997e-02
  -3.3826252711478899e-01   6.8862515688761405e-01  -6.4138432788104904e-01
   3.3826252710481802e-01  -6.8862515687917902e-01  -6.4138432789536504e-01
   6.0363009824639502e-01  -4.0949912729445298e-01   6.8406225538040699e-01
  -6.0363009824885905e-01   4.0949912728696902e-01   6.8406225538271304e-01
  -6.2195011274675405e-01  -7.2888656170199695e-01  -2.8618601891871098e-01
   6.2195011275101897e-01   7.2888656170225596e-01  -2.8618601890878298e-01
   8.3868955871869100e-01  -2.5452707496088800e-01   4.8147252487353998e-01
  -8.3868955871907602e-01   2.5452707497063698e-01   4.8147252486771602e-01
   2.6981745895369202e-01  -3.3249430423615201e-01  -9.0368472184401205e-01
  -2.6981745895886200e-01   3.3249430425991500e-01  -9.0368472183372595e-01
  -8.5658870244106300e-01   4.5836648556513998e-01   2.3697248735032400e-01
   8.5658870243907903e-01  -4.5836648556419102e-01   2.3697248735932799e-01
   9.1523714884399997e-03  -5.1249086357772700e-01   8.5864390107045696e-01
  -9.1523714851039998e-03   5.1249086356725704e-01   8.5864390107674204e-01
   4.2500543901444997e-02   9.4051446070623701e-01  -3.3708493435710901e-01
  -4.2500543886896003e-02  -9.4051446070397604e-01  -3.3708493436525300e-01
   4.8373908328099999e-02  -6.4675288199435499e-01  -7.6116402609756895e-01
  -4.8373908329442002e-02   6.4675288200349701e-01  -7.6116402608971601e-01
   8.2497615278167302e-01   4.9012719771770102e-01   2.8140660510894799e-01
  -8.2497615278726300e-01  -4.9012719772056701e-01   2.8140660508756998e-01
   7.7942509465872800e-01   9.0141335356111005e-02   6.1997666204176605e-01
  -7.7942509466547105e-01  -9.0141335351361998e-02   6.1997666203397905e-01
   6.0942857216906698e-01  -6.1553404372605003e-01  -4.9971457497078198e-01
  -6.0942857217521096e-01   6.1553404372098497e-01  -4.9971457496952798e-01
  -2.3689819023508599e-01  -9.6930834338110006e-02  -9.6668695078492595e-01
   2.3689819023490799e-01   9.6930834349560999e-02  -9.6668695078382205e-01
   7.0707583704725005e-02   9.9145488595583697e-01   1.0962502780359000e-01
  -7.0707583702320997e-02  -9.9145488595551401e-01   1.0962502780806301e-01
  -2.9552333573819600e-01  -4.6717229728448401e-01   8.3331626810239801e-01
   2.9552333574059297e-01   4.6717229727837900e-01   8.3331626810496995e-01
   9.1510485448865797e-01   2.3892569847015299e-01  -3.2480396534193101e-01
  -9.1510485449373802e-01  -2.3892569845810999e-01  -3.2480396533647599e-01
   3.2510220511671800e-01   8.4346514019493202e-01  -4.2763899904497898e-01
  -3.2510220510523502e-01  -8.4346514019783903e-01  -4.2763899904797398e-01
  -2.4385317495487299e-01  -6.4452779303284602e-01  -7.2465133207124999e-01
   2.4385317495019199e-01   6.4452779303497498e-01  -7.2465133207093202e-01
   7.4472790703892700e-01  -3.5330771262425298e-01  -5.6617488877345901e-01
  -7.4472790703658698e-01   3.5330771261566901e-01  -5.6617488878189204e-01
  -8.2685082396747003e-02  -2.7208802859720799e-01  -9.5871334706633204e-01
   8.2685082385493006e-02   2.7208802859820702e-01  -9.5871334706701805e-01
  -2.3269450188234700e-01   9.0336141180281604e-01  -3.6026577475434701e-01
   2.3269450189532601e-01  -9.0336141179887797e-01  -3.6026577475583899e-01
  -8.8027293748672697e-01   4.5627158059571499e-01  -1.3013762049913100e-01
   8.8027293749558599e-01  -4.5627158057965800e-01  -1.3013762049550900e-01
  -4.4603376308895898e-01   8.9132410809508600e-01  -8.1210938383952005e-02
   4.4603376310359599e-01  -8.9132410808765195e-01  -8.1210938385151005e-02
  -9.4565072481415902e-01   1.5854144885950600e-01  -2.8391779734983802e-01
   9.4565072481440404e-01  -1.5854144884377899e-01  -2.8391779735780498e-01
   3.5945373237121397e-01   9.3286803070377000e-01  -2.3457441788765999e-02
  -3.5945373235783401e-01  -9.3286803070860802e-01  -2.3457441801389999e-02
  -8.0125256025868896e-01  -1.9004137067480002e-02  -5.9802439536628904e-01
   8.0125256025388003e-01   1.9004137063617001e-02  -5.9802439537285601e-01
   3.6567350137965599e-01  -5.5418581992119698e-01   7.4777066496821998e-01
  -3.6567350138380000e-01   5.5418581991776705e-01   7.4777066496873501e-01
  -1.6859983332333500e-01  -8.4090954188554401e-01   5.1424239281606199e-01
   1.6859983331501399e-01   8.4090954189234901e-01   5.1424239280766104e-01
  -6.9691606171761500e-01  -3.9389286884903502e-01   5.9929659667804502e-01
   6.9691606170330100e-01   3.9389286885360902e-01   5.9929659669168300e-01
   9.9457552883289901e-01  -8.7855205110290005e-02   5.5686447020694002e-02
  -9.9457552883357603e-01   8.7855205105979994e-02   5.5686447015393999e-02
   8.4854299726120005e-02  -8.0630439365013895e-01   5.8538275734639800e-01
  -8.4854299724513998e-02   8.0630439363768602e-01   5.8538275736378298e-01
   4.8800615610030901e-01   6.5415212363256503e-01   5.7787108489282202e-01
  -4.8800615611969000e-01  -6.5415212361893604e-01   5.7787108489188299e-01
  -5.0598602647930802e-01   2.3017473547554701e-01  -8.3126273353040603e-01
   5.0598602648127100e-01  -2.3017473548797801e-01  -8.3126273352576896e-01
   1.9758826373143701e-01  -9.6828796668298300e-01   1.5289634270488600e-01
  -1.9758826372636301e-01   9.6828796668115802e-01   1.5289634272300201e-01
  -7.3497881999681403e-01  -4.9897057709451598e-01  -4.5916717799735701e-01
   7.3497881998980896e-01   4.9897057709399600e-01  -4.5916717800913598e-01
   5.0043261454023003e-01   4.6376525610461500e-01  -7.3108753616420696e-01
  -5.0043261454613897e-01  -4.6376525610435898e-01  -7.3108753616032396e-01
  -4.8123342560668297e-01  -8.3047077887548704e-01   2.8059343455041802e-01
   4.8123342562066102e-01   8.3047077886973397e-01   2.8059343454347002e-01
   9.5357750657008700e-01   9.7589870772862006e-02   2.8489674635929302e-01
  -9.5357750657261997e-01  -9.7589870767630996e-02   2.8489674635260998e-01
  -1.8641105642492101e-01   2.2423133188901001e-01   9.5654128391921800e-01
   1.8641105641654299e-01  -2.2423133189172001e-01   9.5654128392021498e-01
  -6.3480000000000000e-12  -3.9709999999999999e-12   1.0000000000000000e+00
