   7.0440264233702099e-01   6.7525989633326899e-01  -2.1872583265953399e-01
  -7.0440264233702099e-01   6.7525989633326899e-01   2.1872583265953399e-01
   7.0440581939278202e-01  -6.7526122023582202e-01   2.1871151330282601e-01
  -7.0440581939278202e-01  -6.7526122023582202e-01  -2.1871151330282601e-01
  -4.3650519899639401e-01  -6.4604932590638997e-01   6.2616569671694500e-01
   4.3650519899639401e-01  -6.4604932590638997e-01  -6.2616569671694500e-01
  -4.3651748400223001e-01   6.4605163938751797e-01  -6.2615474557417805e-01
   4.3651748400223001e-01   6.4605163938751797e-01   6.2615474557417805e-01
  -3.0196678276183001e-02  -5.5008731605701799e-01  -8.3456102553035105e-01
   3.0196678276183001e-02  -5.5008731605701799e-01   8.3456102553035105e-01
  -3.0173548181322001e-02   5.5009076131879497e-01   8.3455959122273404e-01
   3.0173548181322001e-02   5.5009076131879497e-01  -8.3455959122273404e-01
   6.9672757914715699e-01   6.9687772868363995e-01   1.7009442001569000e-01
  -6.9672757914715699e-01   6.9687772868363995e-01  -1.7009442001569000e-01
   6.9672272560817206e-01  -6.9687899139132603e-01  -1.7010912667616501e-01
  -6.9672272560817206e-01  -6.9687899139132603e-01   1.7010912667616501e-01
  -7.2563521878707304e-01  -4.8150078372720700e-01   4.9153893490335199e-01
   7.2563521878707304e-01  -4.8150078372720700e-01  -4.9153893490335199e-01
  -7.2564472636927502e-01   4.8150014288921100e-01  -4.9152552679401001e-01
   7.2564472636927502e-01   4.8150014288921100e-01   4.9152552679401001e-01
   1.7682733589215199e-01   8.5594415060594897e-01   4.8589268807499503e-01
  -1.7682733589215199e-01   8.5594415060594897e-01  -4.8589268807499503e-01
   1.7681890394591099e-01  -8.5594278553737302e-01  -4.8589816123740298e-01
  -1.7681890394591099e-01  -8.5594278553737302e-01   4.8589816123740298e-01
   9.2061537041298902e-01   1.6069611206553001e-02  -3.9013985614779900e-01
  -9.2061537041298902e-01   1.6069611206553001e-02   3.9013985614779900e-01
   9.2062612435828906e-01  -1.6073036440778000e-02   3.9011433791724498e-01
  -9.2062612435828906e-01  -1.6073036440778000e-02  -3.9011433791724498e-01
  -3.3088495779367200e-01  -4.1582933925017401e-01   8.4711339578868905e-01
   3.3088495779367200e-01  -4.1582933925017401e-01  -8.4711339578868905e-01
  -3.3090755934817301e-01   4.1582727639521100e-01  -8.4710557982578305e-01
   3.3090755934817301e-01   4.1582727639521100e-01   8.4710557982578305e-01
  -5.1226779982997495e-01  -2.8819134981037001e-02   8.5834209888383195e-01
   5.1226779982997495e-01  -2.8819134981037001e-02  -8.5834209888383195e-01
  -5.1228781628384001e-01   2.8820696737919999e-02  -8.5833010009359201e-01
   5.1228781628384001e-01   2.8820696737919999e-02   8.5833010009359201e-01
  -3.4407502057007699e-01  -9.2435978120067996e-01  -1.6483742026109699e-01
   3.4407502057007699e-01  -9.2435978120067996e-01   1.6483742026109699e-01
  -3.4407280233940302e-01   9.2435947611367197e-01   1.6484376120790500e-01
   3.4407280233940302e-01   9.2435947611367197e-01  -1.6484376120790500e-01
   2.6256722583001602e-01   2.8259191443563397e-01  -9.2260514946294003e-01
  -2.6256722583001602e-01   2.8259191443563397e-01   9.2260514946294003e-01
   2.6258861291454499e-01  -2.8258570152181500e-01   9.2260096556585003e-01
  -2.6258861291454499e-01  -2.8258570152181500e-01  -9.2260096556585003e-01
  -4.2167249877712698e-01  -8.8482232094025803e-01   1.9819627680899901e-01
   4.2167249877712698e-01  -8.8482232094025803e-01  -1.9819627680899901e-01
  -4.2167768683489898e-01   8.8482188884709900e-01  -1.9818716770422201e-01
   4.2167768683489898e-01   8.8482188884709900e-01   1.9818716770422201e-01
  -4.8567722985501499e-01  -7.2252719861484904e-01  -4.9200820690526897e-01
   4.8567722985501499e-01  -7.2252719861484904e-01   4.9200820690526897e-01
  -4.8566859662617201e-01   7.2252651082539998e-01   4.9201773891358702e-01
   4.8566859662617201e-01   7.2252651082539998e-01  -4.9201773891358702e-01
   7.2371246717823101e-01  -1.5697870791162499e-01  -6.7201037946834896e-01
  -7.2371246717823101e-01  -1.5697870791162499e-01   6.7201037946834896e-01
   7.2373076416738702e-01   1.5697557180076799e-01   6.7199140683159897e-01
  -7.2373076416738702e-01   1.5697557180076799e-01  -6.7199140683159897e-01
   1.2921000665631599e-01   1.2514310094012199e-01   9.8368896429052499e-01
  -1.2921000665631599e-01   1.2514310094012199e-01  -9.8368896429052499e-01
   1.2919126643672599e-01  -1.2514062436676099e-01  -9.8369174074481902e-01
  -1.2919126643672599e-01  -1.2514062436676099e-01   9.8369174074481902e-01
  -2.7070114327949001e-02  -9.8047174066829901e-01  -1.9478802494288200e-01
   2.7070114327949001e-02  -9.8047174066829901e-01   1.9478802494288200e-01
  -2.7067007186184999e-02   9.8047179621610103e-01   1.9478817712262800e-01
   2.7067007186184999e-02   9.8047179621610103e-01  -1.9478817712262800e-01
   9.0214725275238805e-01  -3.9338186328214497e-01   1.7714695592074800e-01
  -9.0214725275238805e-01  -3.9338186328214497e-01  -1.7714695592074800e-01
   9.0214461368244903e-01   3.9337952943833798e-01  -1.7716557742015701e-01
  -9.0214461368244903e-01   3.9337952943833798e-01   1.7716557742015701e-01
   7.7357510905257698e-01  -3.1035012049450400e-01   5.5250733331182200e-01
  -7.7357510905257698e-01  -3.1035012049450400e-01  -5.5250733331182200e-01
   7.7356423856507195e-01   3.1034992280320400e-01  -5.5252266399604399e-01
  -7.7356423856507195e-01   3.1034992280320400e-01   5.5252266399604399e-01
   9.2163441843424998e-01   3.3443869061483200e-01   1.9682672830994899e-01
  -9.2163441843424998e-01   3.3443869061483200e-01  -1.9682672830994899e-01
   9.2163057779185997e-01  -3.3443893736685099e-01  -1.9684429189583799e-01
  -9.2163057779185997e-01  -3.3443893736685099e-01   1.9684429189583799e-01
   1.6645159410801200e-01   7.6767738954078801e-01  -6.1884189613078400e-01
  -1.6645159410801200e-01   7.6767738954078801e-01   6.1884189613078400e-01
   1.6646117791391701e-01  -7.6767763824794799e-01   6.1883900974450901e-01
  -1.6646117791391701e-01  -7.6767763824794799e-01  -6.1883900974450901e-01
  -5.3358678957879102e-01  -4.1649101998981303e-01  -7.3608448445463404e-01
   5.3358678957879102e-01  -4.1649101998981303e-01   7.3608448445463404e-01
  -5.3357167310811704e-01   4.1648937618767001e-01   7.3609637220910795e-01
   5.3357167310811704e-01   4.1648937618767001e-01  -7.3609637220910795e-01
  -9.9999999991144495e-01   5.1681096000000002e-07   1.3298237523000001e-05
   9.9999999991144495e-01   5.1681096000000002e-07  -1.3298237523000001e-05
