   2.3575446997804000e-01  -7.3085075300919800e-01  -6.4052869312097305e-01
   7.2491812524001598e-01   3.9276691443290401e-01  -5.6588679311798495e-01
  -2.3576339266026000e-01   7.3084912928812296e-01  -6.4052726163693996e-01
  -7.2492307796112398e-01  -3.9277069741654402e-01  -5.6587782275884602e-01
  -1.7263365390900501e-01  -8.4436954023910604e-01  -5.0718606157349000e-01
   7.5194695158458302e-01  -1.3540723574389801e-01  -6.4516715858051099e-01
   1.7262549857619500e-01   8.4437194973511398e-01  -5.0718482601694903e-01
  -7.5194705419053898e-01   1.3539690499465301e-01  -6.4516920711704695e-01
  -5.1095311392444698e-01  -8.5544363640470700e-01  -8.4516864030813002e-02
   8.2736223981555701e-01  -4.5652940102293998e-01  -3.2718898228549897e-01
   5.1095576163873202e-01   8.5544190769169404e-01  -8.4518354296442000e-02
  -8.2736457983429501e-01   4.5652637909005001e-01  -3.2718728158433902e-01
  -6.2484197490102700e-01   7.1107461966119900e-01  -3.2240563220183599e-01
  -6.8031889141348501e-01  -6.8958903038345198e-01  -2.4826029718973999e-01
   6.2483866665599996e-01  -7.1107546847848002e-01  -3.2241017164423003e-01
   6.8031323628755103e-01   6.8958976844704201e-01  -2.4827374364824301e-01
  -2.8101527963118700e-01   8.9382986042936297e-01  -3.4942609121047602e-01
  -9.0341236438676098e-01  -3.0201774755434702e-01  -3.0435403732383898e-01
   2.8101062777774199e-01  -8.9383032306632804e-01  -3.4942864885853597e-01
   9.0340905651989400e-01   3.0202068551420103e-01  -3.0436094052845902e-01
   4.0968319631837002e-01  -3.0732868620562098e-01  -8.5889973645908801e-01
   3.3131555230706700e-01   4.4851789016931998e-01  -8.3009740813805999e-01
  -4.0968927156726598e-01   3.0732780787392200e-01  -8.5889715290603497e-01
  -3.3131785919272300e-01  -4.4851917090320298e-01  -8.3009579538283096e-01
   2.5155213364043399e-01  -9.6777378705106798e-01  -1.1637059670737001e-02
   9.9471580027748396e-01   9.5148196893181006e-02   3.8565493725622998e-02
  -2.5155322296767801e-01   9.6777350011729601e-01  -1.1637374501672000e-02
  -9.9471538689225802e-01  -9.5148913442170996e-02   3.8574387235055997e-02
  -4.6188051843840700e-01  -6.7199408196371002e-01   5.7886988217804003e-01
   6.5124170356771005e-01  -3.9386493104117698e-01   6.4865604108044495e-01
   4.6189030974239298e-01   6.7199538324845198e-01   5.7886055890762000e-01
  -6.5123254092699201e-01   3.9387129426971701e-01   6.4866137636525900e-01
   5.0215953860006701e-01   3.7843783865704100e-01   7.7757353354236303e-01
  -3.3881012791047999e-01   6.2524384541887501e-01   7.0304895348126495e-01
  -5.0216667615774402e-01  -3.7843285402305299e-01   7.7757135000760602e-01
   3.3882246966998503e-01  -6.2524235983067200e-01   7.0304432685294105e-01
  -9.2627702822769598e-01   6.5976936071450998e-02  -3.7102279024918700e-01
  -1.4200932986279100e-01  -9.6409984152573902e-01  -2.2437657141949099e-01
   9.2627718017375704e-01  -6.5975323201033997e-02  -3.7102269771251600e-01
   1.4201024093470099e-01   9.6409978881239100e-01  -2.2437622129265800e-01
   4.2263090543861398e-01   8.6102465440134102e-01   2.8287746867007302e-01
  -8.5909275116513895e-01   3.0504954824097702e-01   4.1097982677193301e-01
  -4.2262589730993599e-01  -8.6102448457413405e-01   2.8288546779009099e-01
   8.5909779599432301e-01  -3.0503968423956701e-01   4.1097660268769898e-01
   9.6344752502615205e-01  -2.6739792726713502e-01  -1.6346712642653999e-02
   1.1623790821872100e-01   9.8300126670664800e-01   1.4211705860332799e-01
  -9.6344937363578098e-01   2.6739145448857299e-01  -1.6343638129444001e-02
  -1.1624018201395100e-01  -9.8300088633835103e-01   1.4211782978704801e-01
  -2.7903547884491797e-01  -7.2772045458617998e-02  -9.5751941544052099e-01
   6.1533382592368999e-02  -2.3891127216685401e-01  -9.6908980329913497e-01
   2.7903574376532603e-01   7.2776616874039995e-02  -9.5751899079741498e-01
  -6.1536402563932002e-02   2.3891739994611899e-01  -9.6908810082596497e-01
  -2.1275776165383700e-01  -2.6643462364660597e-01   9.4007804259983696e-01
   2.0761881302920501e-01  -3.7468389519987899e-01   9.0360744084706901e-01
   2.1275622832264601e-01   2.6642990964732699e-01   9.4007972563779896e-01
  -2.0761022407940100e-01   3.7468089294825502e-01   9.0361065914319505e-01
   8.8251833139083702e-01   4.6811964932899203e-01   4.5004318362073997e-02
  -5.8868299584334105e-01   8.0703968842102203e-01   4.6252261763171001e-02
  -8.8252027852154902e-01  -4.6811507393465301e-01   4.5013726277687002e-02
   5.8868168898791895e-01  -8.0704099113279903e-01   4.6246163967631003e-02
  -5.6913544419319997e-03   5.7943899005119504e-01  -8.1499574556746501e-01
  -5.9975491314067697e-01  -1.3481258741088600e-01  -7.8874559297608804e-01
   5.6852236341880004e-03  -5.7943544539861902e-01  -8.1499830849390997e-01
   5.9975700237644203e-01   1.3480292096111801e-01  -7.8874565647030603e-01
  -5.7724517066726003e-02  -8.3509484703333103e-01   5.4706898704623197e-01
   6.8196904709765305e-01   4.4935001023199998e-04   7.3138089726577304e-01
   5.7733840784706003e-02   8.3509638876820702e-01   5.4706564971175697e-01
  -6.8196730230842295e-01  -4.4497949656400001e-04   7.3138252684584903e-01
   5.5431929431468296e-01  -7.1847803690903000e-01   4.2014215502591301e-01
   7.8542846517193898e-01   3.3126492367890698e-01   5.2284383561218295e-01
  -5.5431472703207396e-01   7.1847924544939801e-01   4.2014611417198799e-01
  -7.8543029029402400e-01  -3.3126852017225500e-01   5.2283881515389696e-01
   4.5976895797216699e-01   6.7502298470032795e-01  -5.7702380835754796e-01
  -5.6084400899217501e-01   5.0226574728728002e-01  -6.5816648097539499e-01
  -4.5977724200197501e-01  -6.7502274496205805e-01  -5.7701748805469100e-01
   5.6083597439231303e-01  -5.0226965495980702e-01  -6.5817034537722896e-01
  -2.3023727231331301e-01   9.0121323709979595e-01   3.6715868464988399e-01
  -9.2626968084466699e-01  -5.7136113285892999e-02   3.7250495688849700e-01
   2.3023856001516499e-01  -9.0121359704603599e-01   3.6715699364371202e-01
   9.2627389461678800e-01   5.7145879409206998e-02   3.7249298062915998e-01
  -9.4233868966836998e-02  -6.1018020829304098e-01   7.8663847563350398e-01
   4.2131808465326298e-01  -9.9838883992381000e-02   9.0140072597444798e-01
   9.4241097595691006e-02   6.1018315236595400e-01   7.8663532598829200e-01
  -4.2131525719114099e-01   9.9840034339257006e-02   9.0140192012281595e-01
   7.4091192711235798e-01   6.1323329759396406e-01   2.7385112558593599e-01
  -8.1959490160582704e-01   5.5747688646131099e-01   1.3222601227873901e-01
  -7.4090417933222696e-01  -6.1324066230830698e-01   2.7385559541427801e-01
   8.1959366770089104e-01  -5.5747835004199398e-01   1.3222748995219599e-01
   8.6609306000000003e-08  -5.4222201679999998e-06   9.9999999998529598e-01
