  -5.6940551790108496e-01   5.5420456139827001e-01  -6.0715291344862099e-01
   5.6940555238552604e-01   5.5420485669044794e-01   6.0715261156751599e-01
   5.5420463449688495e-01  -5.6940544848798802e-01   6.0715291182235798e-01
  -5.5420463953606303e-01  -5.6940580779363403e-01  -6.0715257025527003e-01
   5.5420479826196900e-01   5.6940548338868802e-01  -6.0715272960788502e-01
  -5.6940575911457902e-01  -5.5420456037257304e-01   6.0715268816780599e-01
  -5.5420479558456803e-01   5.6940584874117905e-01   6.0715238941340299e-01
   5.6940578516094797e-01  -5.5420486224917098e-01  -6.0715238818983697e-01
   7.5854936825822006e-02   6.2506686399002398e-01  -7.7687672387633600e-01
  -7.5854875657767995e-02   6.2506728934632505e-01   7.7687638761142797e-01
   6.2506695595480100e-01   7.5855025517612001e-02   7.7687664122247901e-01
  -6.2506694824654097e-01   7.5854578442176995e-02  -7.7687669107723700e-01
   6.2506721299066204e-01  -7.5854962085450006e-02  -7.7687644060757899e-01
   7.5854646464453002e-02  -6.2506685867186396e-01   7.7687675650636001e-01
  -6.2506721060240600e-01  -7.5854505796545998e-02   7.7687648708149804e-01
  -7.5854593258371003e-02  -6.2506728796646605e-01  -7.7687641629531701e-01
   6.7663072284925097e-01   2.6406408996470299e-01  -6.8734345220392801e-01
  -6.7663074310541105e-01   2.6406450105972601e-01   6.8734327432855402e-01
   2.6406417325259601e-01   6.7663078632726703e-01   6.8734335771764499e-01
  -2.6406412837631899e-01   6.7663038815164800e-01  -6.8734376692787902e-01
   2.6406443266015700e-01  -6.7663081469914799e-01  -6.8734323012846898e-01
   6.7663046740504695e-01  -2.6406404479422302e-01   6.8734372102037999e-01
  -2.6406439489167000e-01  -6.7663041121641998e-01   6.8734364183252294e-01
  -6.7663048899752798e-01  -2.6406444486095598e-01  -6.8734354606647896e-01
   5.2251740949667702e-01  -8.5237475623495196e-01   2.0804607813825000e-02
  -5.2251745558191298e-01  -8.5237473967847899e-01  -2.0804128682759000e-02
  -8.5237474080120801e-01   5.2251743666536299e-01  -2.0804557787469001e-02
   8.5237471937176601e-01   5.2251748561051803e-01   2.0804206477640998e-02
  -8.5237472291551197e-01  -5.2251747765669598e-01   2.0804261053671998e-02
   5.2251747090836798e-01   8.5237472470756004e-01  -2.0804357121378000e-02
   8.5237469426134205e-01  -5.2251753823657898e-01  -2.0803913527731002e-02
  -5.2251750800316199e-01   8.5237471358203099e-01   2.0803881275294998e-02
  -6.4127209304515498e-01  -7.1381451104670501e-01  -2.8149413226680198e-01
   6.4127206182323504e-01  -7.1381438288618904e-01   2.8149452838338801e-01
  -7.1381447987221602e-01  -6.4127206436298700e-01   2.8149427666009602e-01
   7.1381449680414799e-01  -6.4127219873544405e-01  -2.8149392760990299e-01
  -7.1381440768078397e-01   6.4127203763558605e-01  -2.8149452061103403e-01
  -6.4127215237568003e-01   7.1381454075650896e-01   2.8149392176748200e-01
   7.1381443510433096e-01   6.4127216152240096e-01   2.8149416884382000e-01
   6.4127212844266801e-01   7.1381440710318900e-01  -2.8149431520820001e-01
  -8.2435573535792006e-02  -8.8340931577010195e-01   4.6129421958921801e-01
   8.2435600719598004e-02  -8.8340957996745395e-01  -4.6129370877536002e-01
  -8.8340937394385199e-01  -8.2435605709925003e-02  -4.6129410243289298e-01
   8.8340938129595803e-01  -8.2435353586986004e-02   4.6129413340869702e-01
  -8.8340953790235999e-01   8.2435651463729998e-02   4.6129378026469198e-01
  -8.2435408888384007e-02   8.8340932556925000e-01  -4.6129423024647498e-01
   8.8340954479979505e-01   8.2435387019194006e-02  -4.6129381431319300e-01
   8.2435446403075999e-02   8.8340958710681095e-01   4.6129372268013702e-01
  -4.2253312146470601e-01  -8.4454365209414906e-01   3.2895559118636297e-01
   4.2253316843597000e-01  -8.4454382205825096e-01  -3.2895509449574001e-01
  -8.4454368758468501e-01  -4.2253314609125098e-01  -3.2895546843773699e-01
   8.4454366307280004e-01  -4.2253297606827700e-01   3.2895574975741398e-01
  -8.4454377826895999e-01   4.2253321376711100e-01   3.2895514869177300e-01
  -4.2253301201572302e-01   8.4454362838767605e-01  -3.2895579263284003e-01
   8.4454375668155801e-01   4.2253303412181398e-01  -3.2895543486316797e-01
   4.2253307054120498e-01   8.4454379111320499e-01   3.2895529968546700e-01
  -3.9396804518878198e-01   3.2396540385044598e-01  -8.6013696379015603e-01
   3.9396803961360299e-01   3.2396589837273898e-01   8.6013678008474803e-01
   3.2396550224204101e-01  -3.9396795645560601e-01   8.6013696737394996e-01
  -3.2396552749411001e-01  -3.9396847365044002e-01  -8.6013672097231497e-01
   3.2396582037931099e-01   3.9396794430629101e-01  -8.6013685311410504e-01
  -3.9396839089797803e-01  -3.2396542839836201e-01   8.6013679619925798e-01
  -3.2396583958142000e-01   3.9396846177234102e-01   8.6013660886689502e-01
   3.9396837648136102e-01  -3.2396592727458101e-01  -8.6013661490356397e-01
  -2.9360813952581100e-01  -7.8664227107752005e-01  -5.4312815960709804e-01
   2.9360817931966399e-01  -7.8664197295867500e-01   5.4312856987666802e-01
  -7.8664222772672998e-01  -2.9360806729598299e-01   5.4312826144092696e-01
   7.8664226497634104e-01  -2.9360833700427302e-01  -5.4312806168939398e-01
  -7.8664204320501996e-01   2.9360812551647503e-01  -5.4312849722043999e-01
  -2.9360827261639999e-01   7.8664231888823499e-01   5.4312801841311298e-01
   7.8664208610193498e-01   2.9360838546856599e-01   5.4312829456375999e-01
   2.9360832341423299e-01   7.8664201923342003e-01  -5.4312842495882097e-01
   9.8416643922107405e-01   1.4267602091583301e-01  -1.0516640607407500e-01
  -9.8416644297743705e-01   1.4267607080090999e-01   1.0516630324373701e-01
   1.4267603212229199e-01   9.8416645035426598e-01   1.0516628668410100e-01
  -1.4267607931158000e-01   9.8416638915775700e-01  -1.0516679535128000e-01
   1.4267604646257001e-01  -9.8416645638705502e-01  -1.0516621077303000e-01
   9.8416639867284905e-01  -1.4267608692792999e-01   1.0516669597476699e-01
  -1.4267610568171399e-01  -9.8416639284640595e-01   1.0516672505689800e-01
  -9.8416640345397799e-01  -1.4267612592532400e-01  -1.0516659832572200e-01
   3.3570042120330401e-01  -8.3220204578686993e-02   9.3828547082101099e-01
  -3.3570043585730602e-01  -8.3220771331380006e-02  -9.3828541531040799e-01
  -8.3220295963003996e-02   3.3570031703761699e-01  -9.3828549998423905e-01
   8.3220283934859002e-02   3.3570083072507501e-01   9.3828531726351505e-01
  -8.3220675430148994e-02  -3.3570033891592199e-01   9.3828545850006895e-01
   3.3570073309236298e-01   8.3220183580654000e-02  -9.3828536109546801e-01
   8.3220655702322996e-02  -3.3570085866511701e-01  -9.3828527429347297e-01
  -3.3570075122539500e-01   8.3220752539591006e-02   9.3828530414445399e-01
   9.3742980366519302e-01  -2.4381037114535700e-01  -2.4855958264005901e-01
  -9.3742979211914701e-01  -2.4381020488262400e-01   2.4855978927120501e-01
  -2.4381032570621100e-01   9.3742983249941203e-01   2.4855951846419899e-01
   2.4381026530689001e-01   9.3742971938461395e-01  -2.4856000431579600e-01
  -2.4381021881633300e-01  -9.3742981622232202e-01  -2.4855968469990300e-01
   9.3742975101465198e-01   2.4381029044647801e-01   2.4855986036569100e-01
   2.4381014933157499e-01  -9.3742970449118701e-01   2.4856017424455201e-01
  -9.3742973526717399e-01   2.4381013741988600e-01  -2.4856006985880200e-01
   1.4629803000000001e-07  -3.0253664600000002e-07  -9.9999999999994305e-01
  -1.8824983100000000e-07   2.4669590999999999e-07   9.9999999999995204e-01
