   5.5242480474428701e-01   6.1923454678439205e-01   5.5801022497080199e-01
   9.4215713461523398e-01   1.3118754068555699e-01   3.0843113147425100e-01
   5.5228810364707404e-01   5.1486871292131098e-01  -6.5565849268096299e-01
  -5.1923427302681702e-01  -3.0219679849562398e-01   7.9942033042280602e-01
   1.0590227931838900e-01   6.8631519932016205e-01   7.1955274609808595e-01
  -5.8260333714579104e-01   4.0886686903227698e-01  -7.0242525221857699e-01
   7.5674520954875302e-01  -6.2620622238583901e-01  -1.8762317253013000e-01
  -4.5858185230390802e-01   7.3919809117427104e-01  -4.9324321256539400e-01
  -3.7131928313847301e-01  -2.2823236140494299e-01  -9.0001776603412398e-01
   8.1731556053350696e-01   4.9362682595502400e-01   2.9719998520755098e-01
  -2.2724451897974601e-01   9.7079170352327404e-01   7.6963608049797003e-02
  -2.1606900000000000e-10   1.0190300000000000e-10   1.0000000000000000e+00
  -3.0589088014463400e-01   7.9725039647133300e-01   5.2040616327119404e-01
   4.8633889363283000e-01   8.5707738620258400e-01   1.6997892398806899e-01
  -1.7373983438530299e-01   8.9794235157880897e-01  -4.0436864763342600e-01
  -9.8034929791816994e-02  -3.5166398586154302e-01   9.3097883627324496e-01
  -3.8548242514291597e-01   4.9526189809639698e-01   7.7853641674612095e-01
  -8.0170027944768196e-01  -2.1364574928359101e-01  -5.5824023121462896e-01
   8.8282494712745097e-01   4.3759363158291198e-01  -1.7068077316291899e-01
  -9.9157736349558001e-01  -2.7415806397594999e-02  -1.2658082699494300e-01
   1.5132988235265399e-01  -4.2107979303174498e-01  -8.9431039052863204e-01
   1.3027308254312200e-01   9.1560082958139499e-01   3.8039984862585602e-01
  -9.2972328937844195e-01   3.2073875046532102e-01  -1.8094545901258599e-01
  -8.9225035236122296e-01   3.1926194174511302e-01   3.1931351563066301e-01
  -5.6674390252062601e-01   8.1890164512188701e-01   9.0561827346615997e-02
  -7.5393989387202998e-01   1.4574265701946201e-01  -6.4057295786907797e-01
   4.4052013594455097e-01  -1.6056163657022399e-01   8.8326777971874704e-01
  -7.5212983177640103e-01   8.4988299054980006e-03   6.5896015512490602e-01
  -5.4249918083465999e-02  -6.4166145758775495e-01  -7.6506700375476600e-01
   1.5965381454447600e-01   9.7970661786761104e-01  -1.2118416731489901e-01
  -3.2759287744778598e-01  -8.1402089760855600e-01  -4.7963828548401100e-01
   2.5030044677210800e-01  -4.2311373424945002e-02  -9.6724321348075504e-01
  -7.1085066362234095e-01   5.4926990815041699e-01   4.3931071239853697e-01
  -6.5635912967102705e-01  -7.3179453925706595e-01  -1.8349235736409000e-01
  -5.5242480432598695e-01  -6.1923454634013897e-01   5.5801022587791205e-01
  -9.4215713387240996e-01  -1.3118754012671299e-01   3.0843113398103600e-01
  -5.5228810467960199e-01  -5.1486871215852503e-01  -6.5565849241021501e-01
   5.1923427394585497e-01   3.0219679820373602e-01   7.9942032993621803e-01
  -1.0590227747080100e-01  -6.8631520008800895e-01   7.1955274563763205e-01
   5.8260333860646196e-01  -4.0886687079215400e-01  -7.0242524998268496e-01
  -7.5674520963017500e-01   6.2620622162973505e-01  -1.8762317472528101e-01
   4.5858185180064798e-01  -7.3919809221789101e-01  -4.9324321146927003e-01
   3.7131928300090000e-01   2.2823236058404200e-01  -9.0001776629905095e-01
  -8.1731556055258603e-01  -4.9362682564753502e-01   2.9719998566579697e-01
   2.2724451720442501e-01  -9.7079170380879098e-01   7.6963609690248000e-02
   3.0589088123247699e-01  -7.9725039584917101e-01   5.2040616358490499e-01
  -4.8633889540437097e-01  -8.5707738524789800e-01   1.6997892373315501e-01
   1.7373983425960801e-01  -8.9794235234774200e-01  -4.0436864597993799e-01
   9.8034929782815000e-02   3.5166398587556902e-01   9.3097883626889499e-01
   3.8548242517608200e-01  -4.9526189640295398e-01   7.7853641780697502e-01
   8.0170027862443405e-01   2.1364574983821000e-01  -5.5824023218465202e-01
  -8.8282494754902296e-01  -4.3759363129311801e-01  -1.7068077172536900e-01
   9.9157736326863699e-01   2.7415806122783999e-02  -1.2658082883223701e-01
  -1.5132988099179201e-01   4.2107979183643901e-01  -8.9431039132171097e-01
  -1.3027308414944000e-01  -9.1560082923886998e-01   3.8039984890018802e-01
   9.2972328922693503e-01  -3.2073875090638598e-01  -1.8094545900922901e-01
   8.9225035246848206e-01  -3.1926194146947501e-01   3.1931351560654497e-01
   5.6674390166824495e-01  -8.1890164562926304e-01   9.0561828092966007e-02
   7.5393989349766799e-01  -1.4574265706747400e-01  -6.4057295829877003e-01
  -4.4052013543662000e-01   1.6056163812787799e-01   8.8326777968892001e-01
   7.5212983311906700e-01  -8.4988289823840005e-03   6.5896015360430704e-01
   5.4249918222516000e-02   6.4166145747665704e-01  -7.6506700383808401e-01
  -1.5965381602981801e-01  -9.7970661767954104e-01  -1.2118416687847899e-01
   3.2759287828303701e-01   8.1402089785890797e-01  -4.7963828448864798e-01
  -2.5030044598809897e-01   4.2311371635621001e-02  -9.6724321376191202e-01
   7.1085066353920601e-01  -5.4926990741826198e-01   4.3931071344847200e-01
   6.5635912978086197e-01   7.3179453954522700e-01  -1.8349235582197701e-01
