   7.3260409729099996e-01  -6.6316891857000004e-01   1.5329129810900000e-01
   0.0000000000000000e+00   9.3417235896299999e-01  -3.5682208977300001e-01
   0.0000000000000000e+00   9.3417235896299999e-01   3.5682208977300001e-01
   5.7735026918999999e-01   5.7735026918999999e-01  -5.7735026918999999e-01
  -5.7735026918999999e-01   5.7735026918999999e-01  -5.7735026918999999e-01
  -5.7735026918999999e-01   5.7735026918999999e-01   5.7735026918999999e-01
   5.7735026918999999e-01   5.7735026918999999e-01   5.7735026918999999e-01
   9.3417235896299999e-01   3.5682208977300001e-01   0.0000000000000000e+00
   3.5682208977300001e-01   0.0000000000000000e+00  -9.3417235896299999e-01
  -3.5682208977300001e-01   0.0000000000000000e+00  -9.3417235896299999e-01
  -9.3417235896299999e-01   3.5682208977300001e-01   0.0000000000000000e+00
  -3.5682208977300001e-01   0.0000000000000000e+00   9.3417235896299999e-01
   3.5682208977300001e-01   0.0000000000000000e+00   9.3417235896299999e-01
   9.3417235896299999e-01  -3.5682208977300001e-01   0.0000000000000000e+00
   5.7735026918999999e-01  -5.7735026918999999e-01  -5.7735026918999999e-01
  -5.7735026918999999e-01  -5.7735026918999999e-01  -5.7735026918999999e-01
  -9.3417235896299999e-01  -3.5682208977300001e-01   0.0000000000000000e+00
  -5.7735026918999999e-01  -5.7735026918999999e-01   5.7735026918999999e-01
   5.7735026918999999e-01  -5.7735026918999999e-01   5.7735026918999999e-01
   0.0000000000000000e+00  -9.3417235896299999e-01  -3.5682208977300001e-01
   0.0000000000000000e+00  -9.3417235896299999e-01   3.5682208977300001e-01
  -4.4721724936399998e-01  -8.3954769053000000e-01  -3.0847432177799999e-01
  -7.3260409729099996e-01  -6.6316891857000004e-01  -1.5329129810900000e-01
  -2.8538684792600000e-01  -3.8677345810699998e-01   8.7690400793599999e-01
   3.7356317405999998e-02  -2.3348215999800001e-01   9.7164324034700000e-01
   6.9524777988499997e-01  -6.8625639242100001e-01  -2.1373508936600000e-01
   4.4721724936399998e-01  -8.3954769053000000e-01   3.0847432177799999e-01
   2.8538684792600000e-01  -3.8677345810699998e-01  -8.7690400793599999e-01
  -3.7356317405999998e-02  -2.3348215999800001e-01  -9.7164324034700000e-01
  -6.9524777988499997e-01  -6.8625639242100001e-01   2.1373508936600000e-01
  -2.3348215999800001e-01  -9.7164324034700000e-01  -3.7356317405999998e-02
  -9.7164324034700000e-01   3.7356317405999998e-02   2.3348215999800001e-01
  -8.3954769053000000e-01   3.0847432177799999e-01   4.4721724936399998e-01
   3.0847432177799999e-01  -4.4721724936399998e-01   8.3954769053000000e-01
  -2.1373508936600000e-01  -6.9524777988499997e-01   6.8625639242100001e-01
   6.8625639242100001e-01   2.1373508936600000e-01   6.9524777988499997e-01
   8.7690400793599999e-01   2.8538684792600000e-01   3.8677345810699998e-01
   3.8677345810699998e-01  -8.7690400793599999e-01  -2.8538684792600000e-01
   2.3348215999800001e-01  -9.7164324034700000e-01   3.7356317405999998e-02
   9.7164324034700000e-01   3.7356317405999998e-02  -2.3348215999800001e-01
   8.3954769053000000e-01   3.0847432177799999e-01  -4.4721724936399998e-01
  -3.0847432177799999e-01  -4.4721724936399998e-01  -8.3954769053000000e-01
   2.1373508936600000e-01  -6.9524777988499997e-01  -6.8625639242100001e-01
  -6.8625639242100001e-01   2.1373508936600000e-01  -6.9524777988499997e-01
  -8.7690400793599999e-01   2.8538684792600000e-01  -3.8677345810699998e-01
  -3.8677345810699998e-01  -8.7690400793599999e-01   2.8538684792600000e-01
  -6.6316891857000004e-01  -1.5329129810900000e-01  -7.3260409729099996e-01
  -6.6316891857000004e-01   1.5329129810900000e-01   7.3260409729099996e-01
  -8.7690400793599999e-01  -2.8538684792600000e-01   3.8677345810699998e-01
  -1.5329129810900000e-01   7.3260409729099996e-01   6.6316891857000004e-01
   2.1373508936600000e-01   6.9524777988499997e-01   6.8625639242100001e-01
   1.5329129810900000e-01  -7.3260409729099996e-01   6.6316891857000004e-01
  -3.0847432177799999e-01   4.4721724936399998e-01   8.3954769053000000e-01
   9.7164324034700000e-01  -3.7356317405999998e-02   2.3348215999800001e-01
   6.6316891857000004e-01  -1.5329129810900000e-01   7.3260409729099996e-01
   6.6316891857000004e-01   1.5329129810900000e-01  -7.3260409729099996e-01
   8.7690400793599999e-01  -2.8538684792600000e-01  -3.8677345810699998e-01
   1.5329129810900000e-01   7.3260409729099996e-01  -6.6316891857000004e-01
  -2.1373508936600000e-01   6.9524777988499997e-01  -6.8625639242100001e-01
  -1.5329129810900000e-01  -7.3260409729099996e-01  -6.6316891857000004e-01
   3.0847432177799999e-01   4.4721724936399998e-01  -8.3954769053000000e-01
  -9.7164324034700000e-01  -3.7356317405999998e-02  -2.3348215999800001e-01
  -8.3954769053000000e-01  -3.0847432177799999e-01  -4.4721724936399998e-01
  -3.8677345810699998e-01   8.7690400793599999e-01  -2.8538684792600000e-01
  -2.3348215999800001e-01   9.7164324034700000e-01   3.7356317405999998e-02
  -6.8625639242100001e-01  -2.1373508936600000e-01   6.9524777988499997e-01
  -6.9524777988499997e-01   6.8625639242100001e-01  -2.1373508936600000e-01
   2.8538684792600000e-01   3.8677345810699998e-01   8.7690400793599999e-01
  -3.7356317405999998e-02   2.3348215999800001e-01   9.7164324034700000e-01
   2.3348215999800001e-01   9.7164324034700000e-01  -3.7356317405999998e-02
   4.4721724936399998e-01   8.3954769053000000e-01  -3.0847432177799999e-01
   8.3954769053000000e-01  -3.0847432177799999e-01   4.4721724936399998e-01
   3.8677345810699998e-01   8.7690400793599999e-01   2.8538684792600000e-01
   6.8625639242100001e-01  -2.1373508936600000e-01  -6.9524777988499997e-01
   6.9524777988499997e-01   6.8625639242100001e-01   2.1373508936600000e-01
  -2.8538684792600000e-01   3.8677345810699998e-01  -8.7690400793599999e-01
   3.7356317405999998e-02   2.3348215999800001e-01  -9.7164324034700000e-01
  -4.4721724936399998e-01   8.3954769053000000e-01   3.0847432177799999e-01
  -7.3260409729099996e-01   6.6316891857000004e-01   1.5329129810900000e-01
   7.3260409729099996e-01   6.6316891857000004e-01  -1.5329129810900000e-01
