   9.3831182581385597e-01  -1.7507925577492001e-01  -2.9819150178227599e-01
  -1.7510963224562900e-01  -2.9828253112102399e-01   9.3827722359803400e-01
  -9.3831165230134606e-01   1.7514776145000799e-01  -2.9815181504490201e-01
  -2.9818275781571502e-01   9.3832705755372803e-01  -1.7501250242190400e-01
   1.7509771241013100e-01  -2.9805834784573798e-01  -9.3835068731695803e-01
  -2.9818547775776200e-01  -9.3832361274153897e-01   1.7502633694973199e-01
   1.7512122566140900e-01   2.9807099974222501e-01   9.3834228053281099e-01
   2.9815902228237501e-01  -9.3829748488743403e-01  -1.7521137887001800e-01
  -1.7513663813511099e-01   2.9828850022652498e-01  -9.3827028548033098e-01
   2.9817505650546200e-01   9.3829262807483305e-01   1.7521010181604199e-01
   9.3830972167675797e-01   1.7509113705481399e-01   2.9819114663540403e-01
  -9.3830702071408201e-01  -1.7514429598817399e-01   2.9816842633228202e-01
   3.1831938986568298e-01  -1.8955229541186799e-01   9.2883943356192200e-01
  -1.8946610626145699e-01   9.2883394633616800e-01   3.1838670624211302e-01
  -3.1829331447307102e-01   1.8936285961738000e-01   9.2888700785363298e-01
   9.2885294355356596e-01   3.1835070034895901e-01  -1.8943347338631700e-01
   1.8944160739753299e-01   9.2889279889575205e-01  -3.1822954851216401e-01
   9.2886626440634501e-01  -3.1831383730712898e-01   1.8943010274666700e-01
   1.8945182591494000e-01  -9.2888715655210197e-01   3.1823993471914602e-01
  -9.2886575033205399e-01  -3.1828912268679599e-01  -1.8947414662517800e-01
  -1.8948104198225299e-01  -9.2883413290017502e-01  -3.1837727351194400e-01
  -9.2886387490808597e-01   3.1827739544153799e-01   1.8950303808036101e-01
   3.1827548412459100e-01   1.8957282380821999e-01  -9.2885028970154004e-01
  -3.1834590258311202e-01  -1.8935341801731501e-01  -9.2887091104937902e-01
   4.1527090711628800e-01   6.2654686052445296e-01   6.5953703858825596e-01
   6.2661265494725704e-01   6.5945141589100698e-01   4.1530760977773601e-01
  -4.1524182811296301e-01  -6.2667639438016698e-01   6.5943227166410201e-01
   6.5949421792230800e-01   4.1519684716212002e-01   6.2664100937752099e-01
  -6.2661899642706897e-01   6.5952181233247698e-01  -4.1518623818043299e-01
   6.5947878568779394e-01  -4.1519221502290199e-01  -6.2666031932150401e-01
  -6.2660223318543495e-01  -6.5952877581014002e-01   4.1520047596962600e-01
  -6.5947269368334105e-01  -4.1532617807329297e-01   6.2657795372409097e-01
   6.2660605287323601e-01  -6.5944383659479000e-01  -4.1532960510872302e-01
  -6.5949863382310303e-01   4.1531578151660398e-01  -6.2655754213696302e-01
   4.1525096315848598e-01  -6.2654285439027102e-01  -6.5955340133187201e-01
  -4.1526723307328500e-01   6.2667415855743902e-01  -6.5941839838753702e-01
   8.1476869754028000e-02   8.8476749303222302e-01   4.5885510018802200e-01
   8.8480215017059005e-01   4.5878062959768601e-01   8.1519868495058004e-02
  -8.1480972651680000e-02  -8.8484396510395003e-01   4.5870688736365800e-01
   4.5877805115602099e-01   8.1396678880420001e-02   8.8481482833682301e-01
  -8.8480951589288603e-01   4.5878451702782003e-01  -8.1417980329578005e-02
   4.5873232757286803e-01  -8.1386172952098004e-02  -8.8483950097844899e-01
  -8.8480646902557503e-01  -4.5878479988868898e-01   8.1449492089205003e-02
  -4.5877076814674300e-01  -8.1567624478124004e-02   8.8480286218515503e-01
   8.8482117681358696e-01  -4.5874110192322398e-01  -8.1535798692881994e-02
  -4.5881089911674400e-01   8.1573887356360994e-02  -8.8478147570643495e-01
   8.1470600041761002e-02  -8.8477790349475405e-01  -4.5883613939647799e-01
  -8.1497545017818002e-02   8.8485010959698995e-01  -4.5869209029834401e-01
  -7.2258161214677197e-01   6.9116944690793003e-01  -1.2673178305347000e-02
   6.9114623188778401e-01  -1.2722477090735001e-02  -7.2260295095162297e-01
   7.2258973917409397e-01  -6.9115723222356795e-01  -1.2874361552029000e-02
  -1.2719991090033000e-02  -7.2264982913942899e-01   6.9109726252635695e-01
  -6.9116408793689998e-01  -1.2832809701898000e-02   7.2258392076042499e-01
  -1.2740894622281999e-02   7.2265812667952301e-01  -6.9108820099048696e-01
  -6.9118482545166504e-01   1.2806932405418000e-02  -7.2256454351685095e-01
   1.2786907088650001e-02   7.2250943511935795e-01   6.9124280189425003e-01
   6.9116675890302204e-01   1.2679269543203000e-02   7.2258407643079403e-01
   1.2798402734516000e-02  -7.2251777465889300e-01  -6.9123387228159305e-01
  -7.2258719897311496e-01  -6.9116349560488899e-01   1.2679204368529999e-02
   7.2257835280065796e-01   6.9117033594438904e-01   1.2809792129788999e-02
   5.6011757399545903e-01   8.0686802289041304e-01   1.8770268228865800e-01
   8.0688347871637900e-01   1.8757144265396999e-01   5.6013927346264802e-01
  -5.6013409354089905e-01  -8.0689163120638496e-01   1.8755184014616999e-01
   1.8765213123736199e-01   5.6002514941676296e-01   8.0694393216803395e-01
  -8.0688544151299901e-01   1.8768574188157999e-01  -5.6009815797655804e-01
   1.8763022290106701e-01  -5.6000472083919495e-01  -8.0696320367902197e-01
  -8.0687467759415799e-01  -1.8769751695866799e-01   5.6010971852385605e-01
  -1.8761480880203801e-01  -5.6021576032179199e-01   8.0682029312930104e-01
   8.0689232070224803e-01  -1.8757613331143000e-01  -5.6012496552436697e-01
  -1.8763648768161700e-01   5.6022497423671003e-01  -8.0680885390034196e-01
   5.6009182108872002e-01  -8.0688086519922697e-01  -1.8772432267788000e-01
  -5.6012938409747604e-01   8.0689624508318603e-01  -1.8754605498713600e-01
  -9.9485634221032002e-02  -3.5889512951799502e-01  -9.2806082483418095e-01
  -3.5905079428881098e-01  -9.2799460808777201e-01  -9.9541621850345000e-02
   9.9434389660615005e-02   3.5914376194599901e-01  -9.2797012904947396e-01
  -9.2801902672009895e-01  -9.9420190968380007e-02  -3.5902132481691301e-01
   3.5899081553199302e-01  -9.2803574844447700e-01   9.9374262124424004e-02
  -9.2800720720349095e-01   9.9420259668564007e-02   3.5905185606791101e-01
   3.5900298256224800e-01   9.2803134846728796e-01  -9.9371398165657002e-02
   9.2801793892205897e-01   9.9510949379701993e-02  -3.5899899163145799e-01
  -3.5904286374238498e-01   9.2799619207620998e-01   9.9555459356688997e-02
   9.2801366563208398e-01  -9.9489549105095998e-02   3.5901596903058097e-01
  -9.9451875312544999e-02   3.5892675134805402e-01   9.2805221386705905e-01
   9.9465503317396994e-02  -3.5912006329198698e-01   9.2797596617098699e-01
   7.8783319943760699e-01   5.5745008232516602e-01  -2.6185540968169702e-01
   5.5740538868785205e-01  -2.6197729204861703e-01   7.8782430218457800e-01
  -7.8786147787671801e-01  -5.5736411168783895e-01  -2.6195331393273003e-01
  -2.6186102807060802e-01   7.8780265760231605e-01   5.5749060499037395e-01
  -5.5742720447800298e-01  -2.6183530485529299e-01  -7.8785606860591895e-01
  -2.6185009186865499e-01  -7.8780414692451095e-01  -5.5749363716272204e-01
  -5.5739804748106303e-01   2.6180662419009498e-01   7.8788622795076502e-01
   2.6192814680606002e-01  -7.8789337450018804e-01   5.5733084997104698e-01
   5.5739983436359197e-01   2.6193577853788402e-01  -7.8784203529209695e-01
   2.6190953532836397e-01   7.8790837133739400e-01  -5.5731839524686000e-01
   7.8785896773356601e-01  -5.5744432144949296e-01   2.6179013626474701e-01
  -7.8785602392729304e-01   5.5736932948832396e-01   2.6195861525670799e-01
  -5.0728273216861397e-01  -7.1704994604735295e-01  -4.7802050637711502e-01
  -7.1706431400175996e-01  -4.7790627100606597e-01  -5.0737004810913100e-01
   5.0733175319276702e-01   7.1711626280308005e-01  -4.7786897558399499e-01
  -4.7789161691640802e-01  -5.0725750267016001e-01  -7.1715369933219597e-01
   7.1710874436145899e-01  -4.7798851765986000e-01   5.0722975636851397e-01
  -4.7791367692697501e-01   5.0723534041284202e-01   7.1715467428052604e-01
   7.1710363775892205e-01   4.7794209294393702e-01  -5.0728071962700205e-01
   4.7794979133064902e-01   5.0736231178138702e-01  -7.1704078095379997e-01
  -7.1707360523662100e-01   4.7788992438735400e-01   5.0737231383078496e-01
   4.7796688550448202e-01  -5.0739689542905697e-01   7.1700491411851597e-01
  -5.0728949449015504e-01   7.1703987432101302e-01   4.7802843787125199e-01
   5.0734297333589295e-01  -7.1714761669248095e-01   4.7781000751239000e-01
  -4.6970539008565798e-01  -3.3624876406351001e-01   8.1628035330408499e-01
  -3.3618045885918801e-01   8.1635401751973702e-01  -4.6962625263140001e-01
   4.6972926727950898e-01   3.3608742757165100e-01   8.1633305487976304e-01
   8.1629932010221395e-01  -4.6968848098820098e-01  -3.3622633868818202e-01
   3.3616618859207797e-01   8.1626104464619098e-01   4.6979804239756601e-01
   8.1630818784114800e-01   4.6968448799051099e-01   3.3621038681842103e-01
   3.3616119642476300e-01  -8.1625452048511604e-01  -4.6981294980650101e-01
  -8.1631474754768996e-01   4.6974919690620098e-01  -3.3610403886613799e-01
  -3.3616671153931399e-01  -8.1635508237706800e-01   4.6963424228858702e-01
  -8.1630202913643501e-01  -4.6975233831678698e-01   3.3613053695499001e-01
  -4.6972591476486902e-01   3.3625430927499100e-01  -8.1626625833260202e-01
   4.6971570902058601e-01  -3.3608257113701800e-01  -8.1634285571518295e-01
   2.2097578311754401e-01   5.6198189964131995e-01  -7.9708597262222702e-01
   5.6189854338611001e-01  -7.9718844261642696e-01   2.2081805609905200e-01
  -2.2090980871235999e-01  -5.6181993563831800e-01  -7.9721842448228997e-01
  -7.9714330292619995e-01   2.2090656062434599e-01   5.6192779435887497e-01
  -5.6191104645803502e-01  -7.9711356070426298e-01  -2.2105643444561099e-01
  -7.9716660816681395e-01  -2.2092145416410999e-01  -5.6188887683761202e-01
  -5.6190318921455595e-01   7.9711719589914098e-01   2.2106329851967901e-01
   7.9714907120619605e-01  -2.2101991770818200e-01   5.6187503437274000e-01
   5.6187154518738003e-01   7.9719022299227205e-01  -2.2088031844027300e-01
   7.9715131177949305e-01   2.2096650132948301e-01  -5.6189286471572297e-01
   2.2098967422773899e-01  -5.6195922843891999e-01   7.9709810529008995e-01
  -2.2093451473620701e-01   5.6182147964417695e-01   7.9721048990132104e-01
  -2.5586321091662999e-02   9.9140065999267701e-01  -1.2833577653592301e-01
   9.9139102315419203e-01  -1.2841050965444800e-01  -2.5584765380375001e-02
   2.5555318614800000e-02  -9.9137886705306499e-01  -1.2851018500911801e-01
  -1.2842735573457800e-01  -2.5687167640031001e-02   9.9138619302351405e-01
  -9.9138841235829001e-01  -1.2843228972837401e-01   2.5576606437040000e-02
  -1.2847104615012100e-01   2.5696657527583999e-02  -9.9138028631449204e-01
  -9.9138877049231300e-01   1.2843361175702900e-01  -2.5556077805201999e-02
   1.2843464306880900e-01   2.5467323295079999e-02   9.9139092082990699e-01
   9.9138605414953895e-01   1.2844834593433599e-01   2.5587380962899000e-02
   1.2839298915835901e-01  -2.5449752164829999e-02  -9.9139676741944804e-01
  -2.5589705051664999e-02  -9.9139822073189299e-01   1.2835394394020699e-01
   2.5571746935955000e-02   9.9137647686651198e-01   1.2852535498641901e-01
