   8.0884727900911202e-01  -1.5489436101738899e-01   5.6725110503600695e-01
  -1.5489437079095000e-01   5.6725121311900495e-01   8.0884720133798604e-01
  -8.0884727631539399e-01   1.5489428202392799e-01   5.6725113044705300e-01
   5.6725109544518804e-01   8.0884727474728002e-01  -1.5489441839566900e-01
   1.5489443225966201e-01   5.6725104223697398e-01  -8.0884730940766802e-01
   5.6725116234766904e-01  -8.0884722377334195e-01   1.5489443956893700e-01
   1.5489426734854400e-01  -5.6725112071976103e-01   8.0884728594755895e-01
  -5.6725112330187399e-01  -8.0884728597489097e-01  -1.5489425774965301e-01
  -1.5489443394653099e-01  -5.6725111723846000e-01  -8.0884725648548905e-01
  -5.6725110783009702e-01   8.0884727516384303e-01   1.5489437086464600e-01
   8.0884728264305095e-01   1.5489439198969099e-01  -5.6725109139700802e-01
  -8.0884722379831098e-01  -1.5489438160678501e-01  -5.6725117813929404e-01
  -5.1647444046796998e-01  -1.0283358716684200e-01  -8.5010552621053903e-01
  -1.0283367882099000e-01  -8.5010550971212995e-01  -5.1647444937501097e-01
   5.1647451127410704e-01   1.0283351010788599e-01  -8.5010549251434897e-01
  -8.5010550344750901e-01  -5.1647448309937705e-01  -1.0283356123118900e-01
   1.0283355899495800e-01  -8.5010549802723401e-01   5.1647449246627797e-01
  -8.5010549515597300e-01   5.1647447716394701e-01   1.0283365958597999e-01
   1.0283358595548800e-01   8.5010546960648603e-01  -5.1647453387816800e-01
   8.5010549731210505e-01   5.1647449359839503e-01  -1.0283355922080700e-01
  -1.0283361110169301e-01   8.5010555018853595e-01   5.1647439623512104e-01
   8.5010551976531101e-01  -5.1647443935417303e-01   1.0283364604225501e-01
  -5.1647448138012997e-01   1.0283360165219400e-01   8.5010549960246895e-01
   5.1647448459669398e-01  -1.0283361920273699e-01   8.5010549552525905e-01
   3.2338201208451101e-01  -8.4733404004885005e-01  -4.2124707575800002e-01
  -8.4733407811456596e-01  -4.2124699827175899e-01   3.2338201327960697e-01
  -3.2338209920828398e-01   8.4733397374597996e-01  -4.2124714224252102e-01
  -4.2124696917568599e-01   3.2338202210679901e-01  -8.4733408921063502e-01
   8.4733407273404404e-01  -4.2124702390881702e-01  -3.2338199398219702e-01
  -4.2124699113277603e-01  -3.2338195788374402e-01   8.4733410280529797e-01
   8.4733400034584305e-01   4.2124708654311999e-01   3.2338210206633899e-01
   4.2124708867137500e-01  -3.2338216411512499e-01  -8.4733397560708601e-01
  -8.4733404708457305e-01   4.2124707101738101e-01  -3.2338199982459898e-01
   4.2124707907164999e-01   3.2338203779545799e-01   8.4733402858899798e-01
   3.2338199496350101e-01   8.4733411053340202e-01   4.2124694712246302e-01
  -3.2338200298882802e-01  -8.4733407824619200e-01   4.2124700590699699e-01
   4.6503419561820802e-01   4.6750594705885701e-01  -7.5178546565514803e-01
   4.6750600259235497e-01  -7.5178540893874801e-01   4.6503423147862499e-01
  -4.6503419538681301e-01  -4.6750606103361497e-01  -7.5178539492183105e-01
  -7.5178548788190602e-01   4.6503407148637899e-01   4.6750603479203001e-01
  -4.6750604382170502e-01  -7.5178549847121701e-01  -4.6503404528976400e-01
  -7.5178545206179004e-01  -4.6503418097949101e-01  -4.6750598347934003e-01
  -4.6750606974876102e-01   7.5178542005767501e-01   4.6503414599013299e-01
   7.5178541355706197e-01  -4.6503413411889699e-01   4.6750609201070897e-01
   4.6750598953107803e-01   7.5178544009976500e-01  -4.6503419423368297e-01
   7.5178545398125796e-01   4.6503417313295498e-01  -4.6750598819773698e-01
   4.6503405946480603e-01  -4.6750599381817598e-01   7.5178552079816197e-01
  -4.6503416768863898e-01   4.6750602853663698e-01   7.5178543226377803e-01
   2.0931289446154899e-01   1.0411210476019001e-01  -9.7229048224002101e-01
   1.0411231348410301e-01  -9.7229046523252705e-01   2.0931286964471199e-01
  -2.0931283273024301e-01  -1.0411228696774100e-01  -9.7229047601876095e-01
  -9.7229048987432098e-01   2.0931284300951500e-01   1.0411213690645200e-01
  -1.0411211393566600e-01  -9.7229049869314799e-01  -2.0931281347035899e-01
  -9.7229047319183903e-01  -2.0931284591984600e-01  -1.0411228685090300e-01
  -1.0411226721830300e-01   9.7229048852882105e-01   2.0931278444245099e-01
   9.7229048177513600e-01  -2.0931283212975599e-01   1.0411223441697701e-01
   1.0411213792594400e-01   9.7229047412307001e-01  -2.0931291566939900e-01
   9.7229047934023505e-01   2.0931287338627699e-01  -1.0411217421183901e-01
   2.0931284106200301e-01  -1.0411211251274800e-01   9.7229049290563696e-01
  -2.0931284403454101e-01   1.0411234056858300e-01   9.7229046784564499e-01
   7.2169548592668598e-01   2.0186585932395201e-01   6.6212219448712595e-01
   2.0186584767000801e-01   6.6212223671382298e-01   7.2169545044537597e-01
  -7.2169548124330696e-01  -2.0186591760786499e-01   6.6212218182245397e-01
   6.6212217447064103e-01   7.2169551527202302e-01   2.0186582006501100e-01
  -2.0186579549849801e-01   6.6212215245320805e-01  -7.2169554234350697e-01
   6.6212221131161197e-01  -7.2169548840595599e-01  -2.0186579527574799e-01
  -2.0186592741636800e-01  -6.6212215594368895e-01   7.2169550224233103e-01
  -6.6212218057861105e-01  -7.2169547671083401e-01   2.0186593789182500e-01
   2.0186577843815201e-01  -6.6212223312513097e-01  -7.2169547310271298e-01
  -6.6212220505431096e-01   7.2169548190995303e-01  -2.0186583902378499e-01
   7.2169551431951995e-01  -2.0186586017386801e-01  -6.6212216328057505e-01
  -7.2169546987053301e-01   2.0186585527866199e-01  -6.6212221322121800e-01
   2.9095139490250799e-01   9.5254022670833804e-01   8.9523194238772003e-02
   9.5254020542845796e-01   8.9523340375303004e-02   2.9095141960533200e-01
  -2.9095135180674703e-01  -9.5254023222627804e-01   8.9523275588723999e-02
   8.9523305310955995e-02   2.9095151932308899e-01   9.5254017826535098e-01
  -9.5254018530428397e-01   8.9523290629541993e-02  -2.9095150079581800e-01
   8.9523344088411005e-02  -2.9095147448529202e-01  -9.5254018831651599e-01
  -9.5254023130735599e-01  -8.9523257495722999e-02   2.9095136038225200e-01
  -8.9523253600391997e-02  -2.9095132741494800e-01   9.5254024174324503e-01
   9.5254021564238900e-01  -8.9523264978319000e-02  -2.9095140936516001e-01
  -8.9523229502877000e-02   2.9095134908410802e-01  -9.5254023738922100e-01
   2.9095150979570900e-01  -9.5254018257736695e-01  -8.9523290394589006e-02
  -2.9095145098123998e-01   9.5254019100661302e-01  -8.9523391853725001e-02
   5.7735020013779503e-01   5.7735034458716605e-01   5.7735026284390800e-01
  -5.7735025483067903e-01  -5.7735025893777103e-01   5.7735029380042602e-01
  -5.7735028928360099e-01   5.7735020319720698e-01  -5.7735031508806400e-01
   5.7735030285605204e-01  -5.7735031568546702e-01  -5.7735018902735102e-01
