   5.5303594558752400e-01  -4.7205022225594401e-01   6.8652737058053803e-01
  -4.7205022745967301e-01   6.8652736576663798e-01   5.5303594712169601e-01
  -5.5303594558747005e-01   4.7205022250547402e-01   6.8652737040900602e-01
   6.8652737236640304e-01   5.5303594150172497e-01  -4.7205022444543199e-01
   4.7205022856741202e-01   6.8652736480530496e-01  -5.5303594736955197e-01
   6.8652737203169001e-01  -5.5303594151816404e-01   4.7205022491296400e-01
   4.7205022834092702e-01  -6.8652736526823599e-01   5.5303594698819802e-01
  -6.8652737173214495e-01  -5.5303594296527303e-01  -4.7205022365323002e-01
  -4.7205022758046600e-01  -6.8652736560852701e-01  -5.5303594721486804e-01
  -6.8652737102165495e-01   5.5303594298304803e-01   4.7205022466570801e-01
   5.5303594664488598e-01   4.7205022169160898e-01  -6.8652737011680598e-01
  -5.5303594721283200e-01  -4.7205022246528699e-01  -6.8652736912732004e-01
   5.3415165442443602e-01   7.9208239315232598e-01   2.9544456761586002e-01
   7.9208239748903897e-01   2.9544456837604399e-01   5.3415164757314804e-01
  -5.3415165460591996e-01  -7.9208239276017300e-01   2.9544456833909899e-01
   2.9544456794935098e-01   5.3415164534188697e-01   7.9208239915287604e-01
  -7.9208239760076604e-01   2.9544456929757001e-01  -5.3415164689776495e-01
   2.9544456782959200e-01  -5.3415164536448800e-01  -7.9208239918230505e-01
  -7.9208239786591095e-01  -2.9544456793354301e-01   5.3415164725904496e-01
  -2.9544456796204199e-01  -5.3415164560035000e-01   7.9208239897384503e-01
   7.9208239712877704e-01  -2.9544456908431999e-01  -5.3415164771561796e-01
  -2.9544456748944398e-01   5.3415164476261001e-01  -7.9208239971506400e-01
   5.3415165446479296e-01  -7.9208239312592699e-01  -2.9544456761366999e-01
  -5.3415165446086699e-01   7.9208239271366299e-01  -2.9544456872604302e-01
  -9.8778390198936294e-01  -8.3663133463940005e-03  -1.5560516627560400e-01
  -8.3663164919049997e-03  -1.5560516625419399e-01  -9.8778390196609400e-01
   9.8778390204201805e-01   8.3663123543049993e-03  -1.5560516599468799e-01
  -1.5560516750725201e-01  -9.8778390181532005e-01  -8.3663109876549995e-03
   8.3663157777469997e-03  -1.5560516676647701e-01   9.8778390189144305e-01
  -1.5560516842439301e-01   9.8778390166749197e-01   8.3663113832779992e-03
   8.3663170266020000e-03   1.5560516670605301e-01  -9.8778390189038401e-01
   1.5560516683585801e-01   9.8778390191983600e-01  -8.3663111350930006e-03
  -8.3663158389570003e-03   1.5560516568594801e-01   9.8778390206113997e-01
   1.5560516776150801e-01  -9.8778390177398201e-01   8.3663111394430001e-03
  -9.8778390211314004e-01   8.3663131795950006e-03   1.5560516549883599e-01
   9.8778390216564305e-01  -8.3663121629389998e-03   1.5560516522020801e-01
   9.5076498138794496e-01   2.0272749411249100e-01  -2.3440885925504301e-01
   2.0272749678999599e-01  -2.3440886073275699e-01   9.5076498045270497e-01
  -9.5076498098623696e-01  -2.0272749484748501e-01  -2.3440886024872101e-01
  -2.3440885021567001e-01   9.5076498323301095e-01   2.0272749591138201e-01
  -2.0272749729896000e-01  -2.3440886159254101e-01  -9.5076498013220301e-01
  -2.3440885011577001e-01  -9.5076498332289905e-01  -2.0272749560532999e-01
  -2.0272749675905100e-01   2.3440886049148499e-01   9.5076498051878899e-01
   2.3440885056932700e-01  -9.5076498325374703e-01   2.0272749540521001e-01
   2.0272749756520300e-01   2.3440886167937600e-01  -9.5076498005402499e-01
   2.3440885034146100e-01   9.5076498330522397e-01  -2.0272749542726701e-01
   9.5076498138053900e-01  -2.0272749369560600e-01   2.3440885964562100e-01
  -9.5076498097066597e-01   2.0272749442643201e-01   2.3440886067602301e-01
   5.1207298911598298e-01  -1.2405160717007600e-01  -8.4993673445518503e-01
  -1.2405160965336000e-01  -8.4993673471626696e-01   5.1207298808105495e-01
  -5.1207298893537001e-01   1.2405160667442100e-01  -8.4993673463634400e-01
  -8.4993673472564502e-01   5.1207298935190204e-01  -1.2405160434317700e-01
   1.2405160970694699e-01  -8.4993673441928397e-01  -5.1207298856100403e-01
  -8.4993673418561899e-01  -5.1207299013395102e-01   1.2405160481492500e-01
   1.2405160990527200e-01   8.4993673415920901e-01   5.1207298894463105e-01
   8.4993673448686502e-01  -5.1207298971866699e-01  -1.2405160446519500e-01
  -1.2405160977691300e-01   8.4993673491190902e-01  -5.1207298772639898e-01
   8.4993673386597302e-01   5.1207299072764900e-01   1.2405160455424601e-01
   5.1207298965704395e-01   1.2405160683745900e-01   8.4993673417775095e-01
  -5.1207298939657397e-01  -1.2405160697003199e-01   8.4993673431533001e-01
   3.9188369791497601e-01   8.5042319479358497e-01  -3.5100934042494703e-01
   8.5042319533039701e-01  -3.5100933592324401e-01   3.9188370078221002e-01
  -3.9188369746630602e-01  -8.5042319500766805e-01  -3.5100934040718501e-01
  -3.5100933587224298e-01   3.9188370532606098e-01   8.5042319325759497e-01
  -8.5042319459312798e-01  -3.5100933744465401e-01  -3.9188370101942699e-01
  -3.5100933799945000e-01  -3.9188370526418798e-01  -8.5042319240810804e-01
  -8.5042319446867298e-01   3.5100933776033699e-01   3.9188370100674902e-01
   3.5100933552749802e-01  -3.9188370586685201e-01   8.5042319315068504e-01
   8.5042319536141597e-01   3.5100933617037700e-01  -3.9188370049353899e-01
   3.5100933687348301e-01   3.9188370616406998e-01  -8.5042319245817299e-01
   3.9188369832318098e-01  -8.5042319478677797e-01   3.5100933998570000e-01
  -3.9188369816703600e-01   8.5042319481190198e-01   3.5100934009915602e-01
  -6.3714337812011601e-01  -6.2849937413328205e-01   4.4613546421659800e-01
  -6.2849937520495402e-01   4.4613546808657600e-01  -6.3714337435317803e-01
   6.3714337757706996e-01   6.2849937482682305e-01   4.4613546401510901e-01
   4.4613546699110801e-01  -6.3714337381195996e-01  -6.2849937653122601e-01
   6.2849937591189697e-01   4.4613546829226702e-01   6.3714337351179895e-01
   4.4613546731166398e-01   6.3714337348095396e-01   6.2849937663923905e-01
   6.2849937527088995e-01  -4.4613546866639198e-01  -6.3714337388214304e-01
  -4.4613546700643703e-01   6.3714337328642401e-01  -6.2849937705310799e-01
  -6.2849937619514695e-01  -4.4613546788725100e-01   6.3714337351598904e-01
  -4.4613546763309397e-01  -6.3714337338213500e-01   6.2849937651125298e-01
  -6.3714337781685604e-01   6.2849937393505795e-01  -4.4613546492894601e-01
   6.3714337754295602e-01  -6.2849937478419005e-01  -4.4613546412388699e-01
  -4.2037870818459599e-01   9.0356595764723202e-01  -8.2766550526718996e-02
   9.0356596054712901e-01  -8.2766548074816995e-02  -4.2037870243427200e-01
   4.2037870768752000e-01  -9.0356595790432204e-01  -8.2766550244742998e-02
  -8.2766545939220004e-02  -4.2037870128358501e-01   9.0356596127809996e-01
  -9.0356596076055395e-01  -8.2766547146253006e-02   4.2037870215835799e-01
  -8.2766545039105993e-02   4.2037870125407800e-01  -9.0356596137427903e-01
  -9.0356596050968496e-01   8.2766547722835995e-02  -4.2037870258405602e-01
   8.2766546052241000e-02   4.2037870043988201e-01   9.0356596166027503e-01
   9.0356596090935004e-01   8.2766547862683004e-02   4.2037870169747799e-01
   8.2766545679395995e-02  -4.2037870127052801e-01  -9.0356596130797495e-01
  -4.2037870750550499e-01  -9.0356595794549499e-01   8.2766550719721999e-02
   4.2037870695603302e-01   9.0356595823343799e-01   8.2766550367062000e-02
   4.9184829847379602e-01   3.5536700797228699e-01   7.9485818919682505e-01
   3.5536701262659598e-01   7.9485818770889605e-01   4.9184829751558301e-01
  -4.9184829834463101e-01  -3.5536700815674399e-01   7.9485818919428397e-01
   7.9485819206291097e-01   4.9184829462622498e-01   3.5536700688690098e-01
  -3.5536701254888903e-01   7.9485818763415905e-01  -4.9184829769250799e-01
   7.9485819209118302e-01  -4.9184829461818202e-01  -3.5536700683479600e-01
  -3.5536701260540299e-01  -7.9485818761909000e-01   4.9184829767602800e-01
  -7.9485819260840995e-01  -4.9184829392696700e-01   3.5536700663458298e-01
   3.5536701250799002e-01  -7.9485818798653496e-01  -4.9184829715259598e-01
  -7.9485819235805399e-01   4.9184829457851698e-01  -3.5536700629277801e-01
   4.9184829797980900e-01  -3.5536700786855802e-01  -7.9485818954887399e-01
  -4.9184829757180798e-01   3.5536700741721500e-01  -7.9485819000312696e-01
   6.0667255805914998e-02   9.7798263888706005e-01   1.9967333850186800e-01
   9.7798263881057601e-01   1.9967334148231300e-01   6.0667247229371002e-02
  -6.0667255769129999e-02  -9.7798263893618198e-01   1.9967333827245101e-01
   1.9967333790937000e-01   6.0667250976018001e-02   9.7798263930764295e-01
  -9.7798263907216798e-01   1.9967334024208100e-01  -6.0667247094361998e-02
   1.9967333737313800e-01  -6.0667251086811001e-02  -9.7798263941025199e-01
  -9.7798263897892102e-01  -1.9967334070287099e-01   6.0667247080943003e-02
  -1.9967333799003600e-01  -6.0667251306886001e-02   9.7798263927064899e-01
   9.7798263889786496e-01  -1.9967334105259399e-01  -6.0667247236562000e-02
  -1.9967333708420101e-01   6.0667250789575002e-02  -9.7798263948768205e-01
   6.0667255700009998e-02  -9.7798263889845605e-01  -1.9967333847823199e-01
  -6.0667256074209003e-02   9.7798263896193904e-01  -1.9967333805360399e-01
  -7.0831296187334603e-01   7.0241459199053402e-01   7.0046334671985996e-02
   7.0241458415839397e-01   7.0046328146925005e-02  -7.0831297028553997e-01
   7.0831296180624004e-01  -7.0241459195000200e-01   7.0046335757007000e-02
   7.0046325730793002e-02  -7.0831297112930003e-01   7.0241458354849096e-01
  -7.0241458424160197e-01   7.0046328819927006e-02   7.0831297013646999e-01
   7.0046325138075002e-02   7.0831297139323102e-01  -7.0241458334145002e-01
  -7.0241458434088200e-01  -7.0046327329757005e-02  -7.0831297018538197e-01
  -7.0046326094985997e-02   7.0831297054240705e-01   7.0241458410399304e-01
   7.0241458412628199e-01  -7.0046328999644997e-02   7.0831297023305795e-01
  -7.0046325937659998e-02  -7.0831297029239904e-01  -7.0241458437179005e-01
  -7.0831296129046994e-01  -7.0241459248895599e-01  -7.0046335567963997e-02
   7.0831296105951302e-01   7.0241459264038297e-01  -7.0046336384914004e-02
  -6.0877824649789103e-01  -7.2952946254473305e-01  -3.1173034800953497e-01
  -7.2952946116280204e-01  -3.1173034153152501e-01  -6.0877825147105202e-01
   6.0877824667967295e-01   7.2952946202348901e-01  -3.1173034887438000e-01
  -3.1173034306940200e-01  -6.0877825341613401e-01  -7.2952945888252796e-01
   7.2952946095506699e-01  -3.1173034199277400e-01   6.0877825148380404e-01
  -3.1173034245304598e-01   6.0877825383774198e-01   7.2952945879407505e-01
   7.2952946128560303e-01   3.1173034128690202e-01  -6.0877825144915398e-01
   3.1173034267606697e-01   6.0877825458456503e-01  -7.2952945807556802e-01
  -7.2952946073716696e-01   3.1173034262570598e-01   6.0877825142082598e-01
   3.1173034250004500e-01  -6.0877825444961398e-01   7.2952945826339699e-01
  -6.0877824729253205e-01   7.2952946202083002e-01   3.1173034768375002e-01
   6.0877824733045205e-01  -7.2952946161784604e-01   3.1173034855278098e-01
   2.3010277419065100e-01  -8.0775655417062298e-01   5.4275414554305101e-01
  -8.0775655208434505e-01   5.4275414942472799e-01   2.3010277235846299e-01
  -2.3010277368360099e-01   8.0775655419733305e-01   5.4275414571826597e-01
   5.4275414420601897e-01   2.3010277251356401e-01  -8.0775655554675796e-01
   8.0775655213275099e-01   5.4275414918079301e-01  -2.3010277276392099e-01
   5.4275414387689003e-01  -2.3010277343295499e-01   8.0775655550600500e-01
   8.0775655222930898e-01  -5.4275414888261597e-01   2.3010277312828301e-01
  -5.4275414508400499e-01  -2.3010277250006500e-01  -8.0775655496066001e-01
  -8.0775655223773801e-01  -5.4275414934690902e-01  -2.3010277200354301e-01
  -5.4275414428878599e-01   2.3010277322795500e-01   8.0775655528763901e-01
   2.3010277409767499e-01   8.0775655402589597e-01  -5.4275414579785897e-01
  -2.3010277356235700e-01  -8.0775655376176103e-01  -5.4275414641790898e-01
  -4.9638380947410499e-01  -8.6251823077513101e-01  -9.8312843883766002e-02
  -8.6251822428733305e-01  -9.8312838975784994e-02  -4.9638382171938999e-01
   4.9638380959623102e-01   8.6251823068622102e-01  -9.8312844047172998e-02
  -9.8312839350040995e-02  -4.9638382301956202e-01  -8.6251822349641805e-01
   8.6251822430026104e-01  -9.8312838333146996e-02   4.9638382182420598e-01
  -9.8312838299782004e-02   4.9638382307863599e-01   8.6251822358213304e-01
   8.6251822447051496e-01   9.8312838524505994e-02  -4.9638382149047200e-01
   9.8312839171210004e-02   4.9638382431404099e-01  -8.6251822277182200e-01
  -8.6251822407858802e-01   9.8312839378387001e-02   4.9638382200236703e-01
   9.8312838470055994e-02  -4.9638382381015000e-01   8.6251822314173499e-01
  -4.9638381006942200e-01   8.6251823041437903e-01   9.8312844042943007e-02
   4.9638381040381402e-01  -8.6251823021546303e-01   9.8312844099726002e-02
   2.7869255132795800e-01   9.1931318846513099e-01   2.7783758447767398e-01
   9.1931319174497195e-01   2.7783758152655902e-01   2.7869254345092298e-01
  -2.7869255156654699e-01  -9.1931318841362997e-01   2.7783758440875800e-01
   2.7783758305100498e-01   2.7869254490835099e-01   9.1931319084242602e-01
  -9.1931319218032603e-01   2.7783758034595102e-01  -2.7869254319182202e-01
   2.7783758200853198e-01  -2.7869254504607099e-01  -9.1931319111573495e-01
  -9.1931319219650398e-01  -2.7783758025564498e-01   2.7869254322848902e-01
  -2.7783758282557502e-01  -2.7869254526557502e-01   9.1931319080226304e-01
   9.1931319181405202e-01  -2.7783758108665502e-01  -2.7869254366160701e-01
  -2.7783758152860200e-01   2.7869254453581099e-01  -9.1931319141546797e-01
   2.7869255129938902e-01  -9.1931318860488997e-01  -2.7783758404389403e-01
  -2.7869255171955498e-01   9.1931318850163302e-01  -2.7783758396409203e-01
   7.1172381898207304e-01  -1.4735517835910700e-01  -6.8683015142342796e-01
  -1.4735518004562001e-01  -6.8683015169665096e-01   7.1172381836923204e-01
  -7.1172381899498705e-01   1.4735517908363499e-01  -6.8683015125460301e-01
  -6.8683015603175501e-01   7.1172381622131198e-01  -1.4735517021389599e-01
   1.4735517987818100e-01  -6.8683015150872995e-01  -7.1172381858524603e-01
  -6.8683015589965601e-01  -7.1172381648040495e-01   1.4735516957820199e-01
   1.4735517983204899e-01   6.8683015115126200e-01   7.1172381893976200e-01
   6.8683015630770705e-01  -7.1172381611742797e-01  -1.4735516942943100e-01
  -1.4735518041072801e-01   6.8683015159608296e-01  -7.1172381839068899e-01
   6.8683015581333595e-01   7.1172381666776896e-01   1.4735516907557900e-01
   7.1172381916795402e-01   1.4735517785363600e-01   6.8683015133925596e-01
  -7.1172381895823200e-01  -1.4735517793274300e-01   6.8683015153960703e-01
   9.1086681577090101e-01  -4.0754747408188702e-01   6.5013077890935994e-02
  -4.0754747005501402e-01   6.5013074692529996e-02   9.1086681780092305e-01
  -9.1086681602966002e-01   4.0754747351676002e-01   6.5013077808198996e-02
   6.5013071417122995e-02   9.1086681724377305e-01  -4.0754747182274498e-01
   4.0754746954722398e-01   6.5013074424326994e-02  -9.1086681804726599e-01
   6.5013071503944003e-02  -9.1086681719385498e-01   4.0754747192046198e-01
   4.0754746999470198e-01  -6.5013074730497999e-02   9.1086681782519896e-01
  -6.5013071237167000e-02  -9.1086681700282901e-01  -4.0754747238996197e-01
  -4.0754746949295401e-01  -6.5013074760909006e-02  -9.1086681804752501e-01
  -6.5013070894069006e-02   9.1086681704689598e-01   4.0754747234620398e-01
   9.1086681557102700e-01   4.0754747460739299e-01  -6.5013077397031993e-02
  -9.1086681582699802e-01  -4.0754747406976199e-01  -6.5013077180996998e-02
