   3.4758299294817402e-01   1.0477437532742001e-02  -9.3759068164948001e-01
  -1.0448432310430000e-02   3.4754133882956800e-01  -9.3760644625919998e-01
  -3.4758832425036501e-01  -1.0544684255934000e-02  -9.3758795132977601e-01
   1.0503451397250001e-02  -3.4762586445173599e-01  -9.3757449617239996e-01
   9.5733071940178405e-01  -2.7954553066094601e-01   7.3295224790928995e-02
   2.7926527809700502e-01   9.5739273586067797e-01   7.3553067717179996e-02
  -9.5733279794270199e-01   2.7952224697130801e-01   7.3356849927657994e-02
  -2.7931862118519901e-01  -9.5738793177400505e-01   7.3412914073016006e-02
  -7.8716718936579400e-01   5.7329970097522198e-01   2.2736593598794999e-01
  -5.7333634317618398e-01  -7.8721781006500202e-01   2.2709812220673101e-01
   7.8716729409783304e-01  -5.7326517185693404e-01   2.2745261888695800e-01
   5.7333622380902804e-01   7.8721964750517304e-01   2.2709205413276001e-01
   8.7541440030785997e-02  -6.6433960329786601e-01   7.4228659409110298e-01
   6.6449121750046503e-01   8.7700258377260004e-02   7.4213212202768297e-01
  -8.7598145141167996e-02   6.6436292539596598e-01   7.4225903047867403e-01
  -6.6450593235454403e-01  -8.7609222665902001e-02   7.4212969888658598e-01
  -1.8169238376926300e-01  -8.7815478864938101e-01   4.4252914576601998e-01
   8.7816027539397301e-01  -1.8170835552254599e-01   4.4251169956654701e-01
   1.8165406677855500e-01   8.7809862751112999e-01   4.4265630051528898e-01
  -8.7812656734562800e-01   1.8173598476956401e-01   4.4256724185328200e-01
  -9.3731025862288098e-01  -9.6371979780120007e-02   3.3490583839874899e-01
   9.6513351931362998e-02  -9.3726371404910003e-01   3.3499537791715800e-01
   9.3730049517730996e-01   9.6393083438944996e-02   3.3492708938738103e-01
  -9.6548961525709007e-02   9.3727485256696197e-01   3.3495395022881402e-01
   6.9821996859828905e-01   3.8589985270678001e-01   6.0296780936588201e-01
  -3.8573503465671100e-01   6.9813962786670303e-01   6.0316626483957803e-01
  -6.9821438495035604e-01  -3.8582724149421399e-01   6.0302073958476898e-01
   3.8569059077585999e-01  -6.9813648866349098e-01   6.0319831845221505e-01
   5.4059297387403005e-01   2.2954493897597800e-01  -8.0936293316938301e-01
  -2.2946534574598099e-01   5.4048845162000703e-01  -8.0945530374881502e-01
  -5.4053657902502295e-01  -2.2963606873765999e-01  -8.0937474798182196e-01
   2.2951857985461899e-01  -5.4058529567230496e-01  -8.0937553682107699e-01
   6.1539218633786197e-01  -4.8527299603020801e-01  -6.2113008003007797e-01
   4.8510270172928899e-01   6.1565235727108503e-01  -6.2100526870671602e-01
  -6.1536088183666604e-01   4.8527281725388000e-01  -6.2116123344884000e-01
  -4.8512082015493802e-01  -6.1564875780767403e-01  -6.2099468344106401e-01
  -9.9429851117173895e-01  -1.2344429335532000e-02  -1.0591546509383400e-01
   1.2521227827602999e-02  -9.9429501314054503e-01  -1.0592754928503600e-01
   9.9430105507926403e-01   1.2362010090358999e-02  -1.0588953005273000e-01
  -1.2531323121397001e-02   9.9429573774226998e-01  -1.0591955366401000e-01
  -9.4686879723837003e-01  -2.7364861669141699e-01  -1.6898495613289100e-01
   2.7396018875167200e-01  -9.4683273637954002e-01  -1.6868190270204300e-01
   9.4686650945083195e-01   2.7365322448168800e-01  -1.6899031336491799e-01
  -2.7392454173234498e-01   9.4681505530983501e-01  -1.6883896610486401e-01
   6.2194004431666206e-01  -2.2782610079719601e-01   7.4919012878636704e-01
   2.2804114464304800e-01   6.2195302894723103e-01   7.4911392066444304e-01
  -6.2186878377575106e-01   2.2792765074130300e-01   7.4921839392317302e-01
  -2.2806931234559399e-01  -6.2205090274640795e-01   7.4902407381778202e-01
   3.1869020911859702e-01  -3.7320475713729401e-01   8.7129487537919004e-01
   3.7344692879778502e-01   3.1879301515345898e-01   8.7115349098816597e-01
  -3.1861381481560502e-01   3.7321335527378002e-01   8.7131913123374904e-01
  -3.7345927721062200e-01  -3.1883604770412299e-01   8.7113244856895000e-01
  -7.2534484444010405e-01  -5.8337843927059296e-01  -3.6543734516106802e-01
   5.8341399977719699e-01  -7.2532929552775405e-01  -3.6541143648384100e-01
   7.2527978174535501e-01   5.8348379587046595e-01  -3.6539827332378300e-01
  -5.8339212475328905e-01   7.2531099940852795e-01  -3.6548267115260702e-01
   7.9885010012024205e-01   2.7655347521319101e-01  -5.3418788163471698e-01
  -2.7632110002384602e-01   7.9892915424892696e-01  -5.3418990646838904e-01
  -7.9885624381483700e-01  -2.7642973464152898e-01  -5.3424273839151504e-01
   2.7637816239598600e-01  -7.9898671954952205e-01  -5.3407427698224796e-01
  -1.6558032800665999e-02  -2.6689483072250603e-01   9.6358340629308104e-01
   2.6683029115023499e-01  -1.6382550940604000e-02   9.6360427964458495e-01
   1.6538481477546999e-02   2.6681129133677201e-01   9.6360687702279302e-01
  -2.6686313183964899e-01   1.6296748689464000e-02   9.6359664011809798e-01
   7.9186741869989996e-01  -4.4688101060999998e-02  -6.0905579779287899e-01
   4.4721022756723003e-02   7.9180515778328597e-01  -6.0913432199423700e-01
  -7.9184401724485098e-01   4.4755823341904998e-02  -6.0908124961332000e-01
  -4.4668077625037002e-02  -7.9187468085206103e-01  -6.0904782461374096e-01
  -5.0149001862503195e-01   2.6492339417203498e-01  -8.2360388321075395e-01
  -2.6501572517464100e-01  -5.0154117532462394e-01  -8.2354302550877900e-01
   5.0150645971726604e-01  -2.6496589182930702e-01  -8.2358020072665294e-01
   2.6510125606404500e-01   5.0144671740484703e-01  -8.2357301657908200e-01
   5.1908972463270098e-01   8.3298150313369401e-01  -1.9154026526523801e-01
  -8.3290133944590194e-01   5.1917520386382099e-01  -1.9165715859884500e-01
  -5.1921416285607802e-01  -8.3289643740957697e-01  -1.9157290424299700e-01
   8.3291094624202899e-01  -5.1915895356929898e-01  -1.9165942856807100e-01
   2.4760106750858701e-01   8.8316738376560999e-01  -3.9838308651499799e-01
  -8.8302215120712901e-01   2.4774410333281199e-01  -3.9861603046209099e-01
  -2.4764871496567101e-01  -8.8314954771161103e-01  -3.9839300991938698e-01
   8.8301337050471596e-01  -2.4770014607404800e-01  -3.9866279628878898e-01
   4.0027816147122303e-01  -8.7735841382605195e-01   2.6461218251972402e-01
   8.7746136093326399e-01   4.0018670354220598e-01   2.6440908149525899e-01
  -4.0028082505036899e-01   8.7737630476664896e-01   2.6454882523083700e-01
  -8.7746022343132402e-01  -4.0016102922024299e-01   2.6445171012728802e-01
  -6.6349052372229800e-01   5.3066644468818902e-01   5.2742151019152395e-01
  -5.3081172367328899e-01  -6.6361574311010696e-01   5.2711769037608003e-01
   6.6346754764311200e-01  -5.3062643335493198e-01   5.2749066479840101e-01
   5.3075941338405297e-01   6.6364403656927395e-01   5.2713474352413603e-01
   5.9940051159838303e-01  -8.0028708491974498e-01   1.6112368114419000e-02
   8.0047552581209303e-01   5.9915368116307999e-01   1.5931067904712999e-02
  -5.9934165768443604e-01   8.0033279751362096e-01   1.6030925989887000e-02
  -8.0050173254124801e-01  -5.9911779899400897e-01   1.5963681500051001e-02
  -7.9836629170000004e-06  -5.1565701054000000e-05  -9.9999999863861999e-01
