  -3.1023580524974897e-01  -1.6954380680033199e-01  -9.3541896640847100e-01
   1.6954382452779301e-01  -3.1023580321330202e-01  -9.3541896387078205e-01
   3.1023580431040598e-01   1.6954380646155601e-01  -9.3541896678141101e-01
  -1.6954382479059399e-01   3.1023580297538000e-01  -9.3541896390205703e-01
   3.0801063954529201e-01   7.1282294400242197e-01  -6.3008959397106401e-01
  -7.1282294973341298e-01   3.0801065251554000e-01  -6.3008958114724301e-01
  -3.0801064007074602e-01  -7.1282294366967103e-01  -6.3008959409064602e-01
   7.1282294965784898e-01  -3.0801065203614603e-01  -6.3008958146707394e-01
  -9.6843623796420597e-01   2.0822682764792000e-01  -1.3701401842665800e-01
  -2.0822685005325600e-01  -9.6843623253850897e-01  -1.3701402272584301e-01
   9.6843623797670597e-01  -2.0822682780582799e-01  -1.3701401809832300e-01
   2.0822684985347301e-01   9.6843623259656397e-01  -1.3701402261911999e-01
   8.5862628177334299e-01  -5.0529824317882599e-01   8.6224089954474004e-02
   5.0529825576998899e-01   8.5862627324696195e-01   8.6224101072966006e-02
  -8.5862628222722304e-01   5.0529824231313902e-01   8.6224090507872997e-02
  -5.0529825525963501e-01  -8.5862627350021103e-01   8.6224101541912998e-02
  -3.0768064058533701e-01   8.9894979275067599e-01  -3.1180425513856103e-01
  -8.9894978567512396e-01  -3.0768064784191601e-01  -3.1180426837718000e-01
   3.0768064141959900e-01  -8.9894979252063600e-01  -3.1180425497855202e-01
   8.9894978565969497e-01   3.0768064781214399e-01  -3.1180426845103998e-01
  -1.8812696747891999e-02   8.7883527155794505e-01  -4.7675428462337399e-01
  -8.7883526741677398e-01  -1.8812694837662000e-02  -4.7675429233246902e-01
   1.8812697034417000e-02  -8.7883527185292198e-01  -4.7675428406831499e-01
   8.7883526735444395e-01   1.8812695366862999e-02  -4.7675429242648298e-01
  -3.4433363555135099e-01  -6.4830771731028003e-01   6.7906660284829501e-01
   6.4830771283817301e-01  -3.4433363611467599e-01   6.7906660683218900e-01
   3.4433363558579699e-01   6.4830771719659597e-01   6.7906660293936305e-01
  -6.4830771300859802e-01   3.4433363591236898e-01   6.7906660677206798e-01
  -4.7022190257363100e-01   1.5070765623195401e-01  -8.6958528316267303e-01
  -1.5070764230968800e-01  -4.7022188316469099e-01  -8.6958529607077995e-01
   4.7022190262820202e-01  -1.5070765555332399e-01  -8.6958528325077700e-01
   1.5070764234313000e-01   4.7022188299617501e-01  -8.6958529615610802e-01
   4.2505464427858403e-01  -5.3658689622646005e-01  -7.2897397222072402e-01
   5.3658688108207797e-01   4.2505464775609297e-01  -7.2897398134059099e-01
  -4.2505464497005402e-01   5.3658689677760596e-01  -7.2897397141184805e-01
  -5.3658688162435997e-01  -4.2505464748061200e-01  -7.2897398110205402e-01
  -9.1207900103997097e-01  -2.9388558714320701e-01   2.8590760313678498e-01
   2.9388558709866902e-01  -9.1207900391652696e-01   2.8590759400601301e-01
   9.1207900112590801e-01   2.9388558679540300e-01   2.8590760322014402e-01
  -2.9388558643377100e-01   9.1207900397087005e-01   2.8590759451610198e-01
   7.8004908537967002e-02  -2.4097011285034101e-01   9.6739270152140200e-01
   2.4097009828469801e-01   7.8004898823194002e-02   9.6739270593293503e-01
  -7.8004908553505004e-02   2.4097011262926901e-01   9.6739270157521695e-01
  -2.4097009833165700e-01  -7.8004899076644998e-02   9.6739270590080095e-01
   8.2030212550181003e-02   8.5758960401663697e-01   5.0775103674100097e-01
  -8.5758960138125895e-01   8.2030207409845998e-02   5.0775104202259402e-01
  -8.2030212014487999e-02  -8.5758960409440599e-01   5.0775103669619204e-01
   8.5758960140372098e-01  -8.2030207536567007e-02   5.0775104196418297e-01
  -5.1576085151547901e-01   1.3126713579101501e-01   8.4661660927792504e-01
  -1.3126712735459001e-01  -5.1576085976777497e-01   8.4661660555866702e-01
   5.1576085171643804e-01  -1.3126713563439699e-01   8.4661660917978399e-01
   1.3126712736578200e-01   5.1576085948004602e-01   8.4661660573221698e-01
  -4.1124668657190899e-01  -8.4059630831163901e-01  -3.5252518950632500e-01
   8.4059631194348094e-01  -4.1124668523390701e-01  -3.5252518240707598e-01
   4.1124668668423497e-01   8.4059630843105404e-01  -3.5252518909054398e-01
  -8.4059631173519600e-01   4.1124668614389698e-01  -3.5252518184215997e-01
   5.1688007606005604e-01  -6.9038940583232700e-01   5.0615951565355100e-01
   6.9038941145481103e-01   5.1688005585389496e-01   5.0615952861874902e-01
  -5.1688007589479401e-01   6.9038940580768104e-01   5.0615951585593000e-01
  -6.9038941169675205e-01  -5.1688005574788698e-01   5.0615952839700096e-01
   9.8962129717773895e-01   1.3786644321993299e-01  -4.0528163123136000e-02
  -1.3786643058575601e-01   9.8962129927097697e-01  -4.0528154988434997e-02
  -9.8962129716069502e-01  -1.3786644336591100e-01  -4.0528163042714997e-02
   1.3786643044256899e-01  -9.8962129928442799e-01  -4.0528155147078998e-02
  -1.9584793001047801e-01   7.2991841272035596e-01   6.5487609445024497e-01
  -7.2991839431152605e-01  -1.9584792231500101e-01   6.5487611726996198e-01
   1.9584793033202599e-01  -7.2991841279282799e-01   6.5487609427330595e-01
   7.2991839447025297e-01   1.9584792229953801e-01   6.5487611709767102e-01
  -9.6117459126877203e-01   1.3746299814618901e-01   2.3926414114942099e-01
  -1.3746301180038301e-01  -9.6117459126778004e-01   2.3926413330874299e-01
   9.6117459123336901e-01  -1.3746299863612499e-01   2.3926414101016300e-01
   1.3746301234995600e-01   9.6117459121129900e-01   2.3926413321989501e-01
  -5.4160954487100199e-01   6.9869786579324600e-01  -4.6741886273511601e-01
  -6.9869785691422703e-01  -5.4160955073473704e-01  -4.6741886921302500e-01
   5.4160954477978496e-01  -6.9869786499116104e-01  -4.6741886403976801e-01
   6.9869785644259796e-01   5.4160955102670805e-01  -4.6741886957970202e-01
   7.6430883238875902e-01  -5.2676058033219597e-01   3.7196142238224200e-01
   5.2676059233809502e-01   7.6430882034109304e-01   3.7196143013547300e-01
  -7.6430883214489198e-01   5.2676058059737396e-01   3.7196142250780301e-01
  -5.2676059209468995e-01  -7.6430882034712599e-01   3.7196143046778002e-01
   5.2980076258796005e-01  -8.4267177085394296e-01   9.5997075825748998e-02
   8.4267177503015300e-01   5.2980075613602096e-01   9.5997074774343993e-02
  -5.2980076226772999e-01   8.4267177101019597e-01   9.5997076221475006e-02
  -8.4267177486023004e-01  -5.2980075647513203e-01   9.5997074394416002e-02
  -1.1366262269989300e-01   6.8204427024112502e-01  -7.2242399021089598e-01
  -6.8204426843576804e-01  -1.1366263069391300e-01  -7.2242399065760399e-01
   1.1366262200958301e-01  -6.8204427099480103e-01  -7.2242398960795695e-01
   6.8204426814226804e-01   1.1366263134548300e-01  -7.2242399083218400e-01
  -4.7241295361245400e-01  -2.9287800996191499e-01   8.3129325303403301e-01
   2.9287800825063798e-01  -4.7241297890090200e-01   8.3129323926585297e-01
   4.7241295361678298e-01   2.9287800982025702e-01   8.3129325308148205e-01
  -2.9287800827108901e-01   4.7241297892084000e-01   8.3129323924731802e-01
  -6.8153666142896596e-01   7.1625114817671498e-01  -1.4997357055093499e-01
  -7.1625114820838898e-01  -6.8153666111223898e-01  -1.4997357183899199e-01
   6.8153666148868497e-01  -7.1625114782817401e-01  -1.4997357194413199e-01
   7.1625114874697604e-01   6.8153666048533101e-01  -1.4997357211569201e-01
  -4.1116200000000002e-10  -3.5345000000000000e-10  -1.0000000000000000e+00
