   7.4347044746701296e-01  -5.9073577692281698e-01  -3.1350109346953697e-01
  -7.4347114310211004e-01   5.9074177957159302e-01  -3.1348813253938301e-01
  -9.7029703202738704e-01  -2.3419959168457199e-01  -6.0615351963210003e-02
   9.7029742526494200e-01   2.3419887990074101e-01  -6.0611807244642997e-02
   9.2301905223743996e-01   2.5613394566137099e-01   2.8710839605737198e-01
  -9.2302165219422705e-01  -2.5613393931849798e-01   2.8710004303348302e-01
   4.8772246192106999e-01   7.6543642434450998e-01  -4.1980219201945901e-01
  -4.8771522933706501e-01  -7.6543626312551005e-01  -4.1981088857382998e-01
  -4.7704817014170000e-03  -3.8329316009059400e-01  -9.2361441951287404e-01
   4.7496283411260004e-03   3.8330133877358302e-01  -9.2361113285029295e-01
   9.8610261350352002e-01  -1.5856040435184501e-01   4.9600744080172003e-02
  -9.8610032343215204e-01   1.5856337009405899e-01   4.9636778616471998e-02
   3.5079839620116099e-01   3.2932161549066802e-01  -8.7663433585121997e-01
  -3.5081558631598603e-01  -3.2930404017442899e-01  -8.7663405907058500e-01
   3.4502825237152401e-01  -8.8144036724601005e-01  -3.2251881193919801e-01
  -3.4502253270737299e-01   8.8144747411753699e-01  -3.2250550738863898e-01
  -9.0512903106771203e-01   1.0476101020461000e-01   4.1202738726853499e-01
   9.0514234019509399e-01  -1.0475921520420001e-01   4.1199860535680100e-01
  -6.9470622116616498e-01   1.6156747120543699e-01   7.0091313193669602e-01
   6.9472813665988398e-01  -1.6157355442706001e-01   7.0089000752107400e-01
  -5.4646018463536306e-01  -7.2861960988454300e-01   4.1291007580341399e-01
   5.4643850629154000e-01   7.2863604585961395e-01   4.1290976195282197e-01
  -5.9484726895076001e-01   5.3379072854250698e-01   6.0101928816293604e-01
   5.9485982560270301e-01  -5.3379967292411901e-01   6.0099891603065703e-01
  -4.7167931569197998e-02   6.6727507646386797e-01   7.4331632469738096e-01
   4.7191338238638997e-02  -6.6729570785768999e-01   7.4329631767549498e-01
   6.6877276120814400e-01   4.8626206760214102e-01  -5.6239860906418104e-01
  -6.6877445766911403e-01  -4.8625566203808102e-01  -5.6240213006823703e-01
  -4.7288999161018203e-01   6.8121336172656199e-01  -5.5885902662488796e-01
   4.7288621825025201e-01  -6.8120314718672104e-01  -5.5887467007539504e-01
  -3.6117365491753201e-01   4.1896526716957699e-01   8.3307964559160697e-01
   3.6119905267073599e-01  -4.1897688929318799e-01   8.3306278910293896e-01
  -2.7773622448982599e-01  -9.3490077480509404e-01   2.2095956841687600e-01
   2.7771950894109398e-01   9.3490661195200797e-01   2.2095588084940301e-01
   8.2768329539315499e-01  -4.5571539854019200e-01   3.2751158462027102e-01
  -8.2767350873052403e-01   4.5571895535222001e-01   3.2753136747246803e-01
  -8.5108555692333299e-01   5.2317369040179296e-01  -4.4075667526069999e-02
   8.5108610991818900e-01  -5.2317161674978696e-01  -4.4089601174638997e-02
   7.6289886612928004e-01  -3.1553368612857502e-01  -5.6429053950670904e-01
  -7.6290992456448203e-01   3.1553647581176503e-01  -5.6427402867162602e-01
  -2.6364547385839998e-03   8.0050439988118005e-01  -5.9932107828549097e-01
   2.6427720603780002e-03  -8.0049262652978004e-01  -5.9933677563394305e-01
  -7.7533144479839600e-01  -5.9198320624455003e-01   2.2003871075620701e-01
   7.7532888417984303e-01   5.9197782177575997e-01   2.2006221820673100e-01
   2.3943526315349201e-01   4.7900579761712397e-01   8.4452602127335297e-01
  -2.3942209934253700e-01  -4.7904031406585301e-01   8.4451017509921200e-01
  -6.2289270785229600e-01  -1.4049080852864801e-01  -7.6958885596362503e-01
   6.2287238618023300e-01   1.4050183528037000e-01  -7.6960329054454502e-01
   3.2765452976567999e-01  -9.0715773773156996e-02  -9.4043243112557995e-01
  -3.2768400283556098e-01   9.0730957122750006e-02  -9.4042069719102495e-01
   8.3694347587611004e-02   9.4314601672141996e-01  -3.2166884730169798e-01
  -8.3686953887930002e-02  -9.4314075506031703e-01  -3.2168619785936398e-01
   9.5035096447656997e-01  -1.3069244866173599e-01  -2.8240490112824301e-01
  -9.5035935684143502e-01   1.3070307715225499e-01  -2.8237173811637900e-01
  -2.2744178741936100e-01   5.7047244711320899e-01  -7.8919669311278395e-01
   2.2744264278763399e-01  -5.7045148227502096e-01  -7.8921160065726903e-01
   3.1717529097532798e-01  -7.8854048844465596e-01   5.2688113733382003e-01
  -3.1717120854011499e-01   7.8852630271436697e-01   5.2690482480312695e-01
   7.5653744882063001e-01   2.7134271571023300e-01   5.9499934383406505e-01
  -7.5654624888231903e-01  -2.7134624749731201e-01   5.9498654377323401e-01
  -3.8598467952802001e-01  -9.1822198647192099e-01  -8.8793078160465999e-02
   3.8600375356184202e-01   9.1821443431406202e-01  -8.8788258533861006e-02
   8.4541520431085204e-01   9.2346040292686005e-02  -5.2606590952303900e-01
  -8.4542814364870900e-01  -9.2328467740868003e-02  -5.2604819928531399e-01
  -9.1397210024788997e-02   9.9574393744305700e-01  -1.1855844342900001e-02
   9.1399016984866993e-02  -9.9574360217487701e-01  -1.1870064111083000e-02
  -5.3463414028960399e-01   3.0158423408168000e-01  -7.8943858899230601e-01
   5.3462545153878605e-01  -3.0155977994101701e-01  -7.8945381479151400e-01
   2.1315220757235501e-01   1.1981680106612801e-01   9.6964430106576305e-01
  -2.1313697651861099e-01  -1.1985004612632701e-01   9.6964354052611601e-01
   5.3497884970370801e-01   4.8076673119684799e-01   6.9473806614003497e-01
  -5.3497974990800501e-01  -4.8075856286275098e-01   6.9474302545798206e-01
  -1.4744158717203601e-01   9.4436492581329201e-01   2.9399977086019402e-01
   1.4742718907212199e-01  -9.4437323161564501e-01   2.9398031112663903e-01
  -6.9170371620038995e-01  -7.1891641835956799e-01  -6.8594113505615006e-02
   6.9171688563523304e-01   7.1890539428369304e-01  -6.8576848840562005e-02
  -1.2712444878697399e-01   2.5732990614128298e-01   9.5792520267812498e-01
   1.2713381164665499e-01  -2.5736519002538699e-01   9.5791448099472298e-01
   5.0945792322608496e-01  -8.6004076722551304e-01  -2.7973258164083002e-02
  -5.0945691386989400e-01   8.6004175277305295e-01  -2.7961337543430002e-02
  -1.9750306417643301e-01  -8.1481505757396200e-01   5.4504033024324205e-01
   1.9749114122913300e-01   8.1481043547403398e-01   5.4505156029373003e-01
  -5.1261641147673098e-01  -4.2457162937730997e-02   8.5756737577871800e-01
   5.1262846208565005e-01   4.2435955328586003e-02   8.5756122204484697e-01
   8.5693158009982695e-01   4.3864953134566198e-01  -2.7065634239353098e-01
  -8.5692860569550100e-01  -4.3865153294722697e-01  -2.7066251566076399e-01
  -3.0198340625026399e-01  -6.4398797229571803e-01  -7.0291216655278999e-01
   3.0198075120242102e-01   6.4399526447958499e-01  -7.0290662625350897e-01
   6.0012892348612801e-01  -7.6259968282754997e-01   2.4142700542130999e-01
  -6.0012763813602099e-01   7.6259648642231503e-01   2.4144029664002001e-01
  -1.3024217180000000e-05   7.2983700320000000e-06  -9.9999999988855204e-01
