  -6.7494052048043696e-01   7.2562905206450101e-01   1.3385728449946399e-01
   9.6724334461430000e-02  -9.1032738298998706e-01  -4.0242820341222901e-01
   9.0696031591635795e-01   1.3512702213505301e-01   3.9895322187170401e-01
  -1.3275870475802601e-01  -3.0765852406073302e-01   9.4218966184295505e-01
  -2.2605580112758700e-01  -9.5883117470870405e-01  -1.7187656379882699e-01
   2.7573826401985302e-01  -1.8069273350753801e-01  -9.4409668244989198e-01
   8.3088165051358898e-01   3.3327864452817701e-01  -4.4560187156392800e-01
  -6.1647132861278697e-01  -2.6754433716640003e-01   7.4052895193137203e-01
   4.3027729328743602e-01  -8.9264447161535698e-01  -1.3434023290057001e-01
  -6.9098719852307600e-01   1.7510933905320700e-01   7.0133687401531897e-01
   8.1051704153550697e-01  -3.8144933754721499e-01   4.4447556543112698e-01
  -8.6734443854626003e-02  -7.0600851783592400e-01  -7.0287204311478402e-01
   8.7132085205673704e-01   4.6045780600396002e-01   1.6964251136180900e-01
  -6.0073526674954902e-01   3.0326611855250901e-01  -7.3969372082061402e-01
  -8.9910094708341903e-01  -4.1808124663982799e-01   1.2971336924846000e-01
   8.9692708707957103e-01  -1.8806632734484299e-01  -4.0019102561399100e-01
   1.5049496096699100e-01   9.0307215313925404e-01   4.0225856479132399e-01
   2.4860171640262099e-01  -2.2428361228195301e-01   9.4228129975259001e-01
   8.4258467470842302e-01  -5.1075638208554597e-01  -1.7081857072750001e-01
   2.6003450041833698e-01   2.0935648995768399e-01  -9.4263031921574902e-01
  -5.8802461572434003e-02   8.9459521318874602e-01  -4.4299173248809498e-01
   6.1611769180132003e-02  -6.7129010879015905e-01   7.3862952807140803e-01
   9.8233753609761398e-01   1.3378401471017901e-01  -1.3082355514851299e-01
  -3.8227758253257599e-01  -6.0524384790013697e-01   6.9824332039202897e-01
   6.1183927821635697e-01   6.5157160849724904e-01   4.4844970356997099e-01
   6.4686534856958200e-01  -2.9846412929765198e-01  -7.0177231659744699e-01
  -1.6920101688128200e-01   9.7043091274681803e-01   1.7214778381297199e-01
  -4.7172545086232498e-01  -4.7529570366279000e-01  -7.4267697762111196e-01
   1.1936975595572299e-01  -9.8469260441134698e-01   1.2700919722866799e-01
   4.5728921223172903e-01   7.9615599055871400e-01  -3.9626028702603799e-01
  -8.1363143635097901e-01   4.2094227279349899e-01   4.0101307803722003e-01
   2.8715455538687101e-01   1.6417332397066001e-01   9.4371043282195100e-01
   7.4666757704515496e-01   6.4403598906639803e-01  -1.6644871335274400e-01
  -1.1577964474090600e-01   3.1495246464610499e-01  -9.4201911810589800e-01
  -8.6757921211146605e-01   2.2191631504066500e-01  -4.4503871722673799e-01
   6.5514002243391201e-01  -1.5116263168050800e-01   7.4023064634525704e-01
   1.7673651235804699e-01   9.7600267172106103e-01  -1.2721238144482999e-01
   4.5528460770107798e-01  -5.5278635410423005e-01   6.9795642608018804e-01
  -4.3202393021974200e-01   7.8183802605885899e-01   4.4953823499884299e-01
   4.8596126709255699e-01   5.2516328707629401e-01  -6.9860229658441497e-01
  -9.7575863996889700e-01   1.3843186335419599e-01   1.6950426464939999e-01
   3.0860237840187199e-01  -5.9318815281863102e-01  -7.4356733884721404e-01
   9.7297969357900604e-01  -1.9116738322411800e-01   1.2948184225653700e-01
  -6.1462468978093099e-01   6.8217777986423001e-01  -3.9606813475865998e-01
  -6.5302896439653202e-01  -6.4497551125997898e-01   3.9693798197466801e-01
  -7.0378900922493007e-02   3.2087800196540300e-01   9.4450204772654300e-01
  -3.8125292525054499e-01   9.0966213175903698e-01  -1.6480598603056501e-01
  -3.3234179630423399e-01  -9.8348573907980005e-03  -9.4310773828305405e-01
  -4.7774662116889599e-01  -7.5513867619278896e-01  -4.4891396244659798e-01
   3.4387755843207102e-01   5.7403959927667603e-01   7.4311961572082796e-01
  -8.7321254449554797e-01   4.7009394139202998e-01  -1.2849723110681199e-01
   6.6421689296643704e-01   2.5998734697432901e-01   7.0087266925687897e-01
  -8.7848910932264102e-01  -1.7067384634067101e-01   4.4623684627873900e-01
  -3.4708271660821199e-01   6.2664863592596898e-01  -6.9774284297582501e-01
  -4.3371679597771301e-01  -8.8574493452358805e-01   1.6536520750336700e-01
   6.6186168336298201e-01   1.1251212879961400e-01  -7.4113435554486295e-01
   4.8206894512767401e-01   8.6586953217474105e-01   1.3371419294520201e-01
  -8.3746603939340003e-01  -3.7248694622797102e-01  -3.9988011672561702e-01
   4.1035521926625601e-01  -8.2161905066792995e-01   3.9566492086166999e-01
  -3.2989956801587900e-01   2.9269882908830001e-02   9.4356215957266898e-01
  -9.8242903461655295e-01  -8.0964254903198002e-02  -1.6816058209448800e-01
  -9.0370421487682998e-02  -3.1616043620757800e-01  -9.4439174366211598e-01
   5.7195992049340405e-01  -6.8631297150227100e-01  -4.4926201096565199e-01
  -4.4202147699682098e-01   5.0211174961980798e-01   7.4330397871078502e-01
  -7.1651572434409305e-01  -6.8479350617176105e-01  -1.3290248557737999e-01
  -4.4218043628815998e-02   7.0985162561156800e-01   7.0296190098344202e-01
  -1.1055655636280599e-01  -8.8962497573071397e-01   4.4310794441233398e-01
  -7.0102813118428098e-01  -1.3425738550364899e-01  -7.0038169145545104e-01
   7.0784111001408201e-01  -6.8672195670928105e-01   1.6545064867630199e-01
   9.9860111408803007e-02   6.6655133786975695e-01  -7.3874032794579303e-01
