   7.0408473868175903e-01   5.4158306193609096e-01   4.5929562133702800e-01
   2.5128198237615801e-01   8.5200052673325299e-01  -4.5929562133702900e-01
  -2.9750195043670202e-01   8.3698274875112599e-01   4.5929562133702900e-01
  -7.3265024990210503e-01   5.0226600874339200e-01  -4.5929562133702800e-01
  -8.8795105577102196e-01  -2.4299275210580999e-02   4.5929562133702900e-01
  -7.0408473868175903e-01  -5.4158306193609196e-01  -4.5929562133702800e-01
  -2.5128198237615901e-01  -8.5200052673325299e-01   4.5929562133702900e-01
   2.9750195043670102e-01  -8.3698274875112699e-01  -4.5929562133702900e-01
   7.3265024990210403e-01  -5.0226600874339300e-01   4.5929562133702800e-01
   8.8795105577102196e-01   2.4299275210580999e-02  -4.5929562133702900e-01
   6.1235883769419197e-01   7.7393041237746696e-01   1.6139507642757300e-01
   4.0503823654184999e-02   9.8605834998458797e-01  -1.6139507642757400e-01
  -5.4682227434738795e-01   8.2154551278823795e-01   1.6139507642757200e-01
  -9.2528084935378097e-01   3.4323021301173900e-01  -1.6139507642757300e-01
  -9.5031358904639995e-01  -2.6618736216937200e-01   1.6139507642757200e-01
  -6.1235883769419197e-01  -7.7393041237746696e-01  -1.6139507642757300e-01
  -4.0503823654186998e-02  -9.8605834998458797e-01   1.6139507642757300e-01
   5.4682227434738795e-01  -8.2154551278823795e-01  -1.6139507642757200e-01
   9.2528084935378097e-01  -3.4323021301174000e-01   1.6139507642757300e-01
   9.5031358904639995e-01   2.6618736216937300e-01  -1.6139507642757300e-01
   2.1081172882198601e-01  -6.8774101015300904e-01  -6.9467310149796702e-01
   5.7479429439522500e-01  -4.3248213973052102e-01   6.9467310149796702e-01
   7.1922497604898705e-01  -1.2029791458269001e-02  -6.9467310149796702e-01
   5.8893616240987001e-01   4.1301752827347499e-01   6.9467310149796702e-01
   2.3369375193410000e-01   6.8030619015422600e-01  -6.9467310149796702e-01
  -2.1081172882198401e-01   6.8774101015301004e-01   6.9467310149796702e-01
  -5.7479429439522700e-01   4.3248213973051902e-01  -6.9467310149796702e-01
  -7.1922497604898705e-01   1.2029791458270000e-02   6.9467310149796702e-01
  -5.8893616240986901e-01  -4.1301752827347599e-01  -6.9467310149796702e-01
  -2.3369375193410200e-01  -6.8030619015422600e-01   6.9467310149796702e-01
  -4.1887576750176098e-01  -9.0623351259019702e-01   5.7305427825336000e-02
   1.9379307939294699e-01  -9.7936731123779797e-01  -5.7305427825336000e-02
   7.3243955674406003e-01  -6.7841608446315604e-01   5.7305427825336000e-02
   9.9131901812384604e-01  -1.1833297193821000e-01  -5.7305427825336000e-02
   8.7154830827449603e-01   4.8694931387734702e-01   5.7305427825336000e-02
   4.1887576750176098e-01   9.0623351259019702e-01  -5.7305427825336000e-02
  -1.9379307939294699e-01   9.7936731123779797e-01   5.7305427825336999e-02
  -7.3243955674406003e-01   6.7841608446315604e-01  -5.7305427825336000e-02
  -9.9131901812384604e-01   1.1833297193821100e-01   5.7305427825336000e-02
  -8.7154830827449603e-01  -4.8694931387734702e-01  -5.7305427825336000e-02
  -2.3849822792705999e-01   8.3126358020735602e-01  -5.0211498234617602e-01
  -6.8155359273503102e-01   5.3232062211929099e-01   5.0211498234617802e-01
  -8.6427865027281603e-01   3.0049279294154001e-02  -5.0211498234617602e-01
  -7.1687863915727101e-01  -4.8369986688391498e-01   5.0211498234617802e-01
  -2.9565535369241602e-01  -8.1269210426613003e-01  -5.0211498234617702e-01
   2.3849822792706099e-01  -8.3126358020735502e-01   5.0211498234617702e-01
   6.8155359273503202e-01  -5.3232062211929099e-01  -5.0211498234617802e-01
   8.6427865027281603e-01  -3.0049279294154001e-02   5.0211498234617602e-01
   7.1687863915727101e-01   4.8369986688391498e-01  -5.0211498234617702e-01
   2.9565535369241602e-01   8.1269210426613003e-01   5.0211498234617702e-01
  -4.4797332179086802e-01   8.3489505963606003e-01  -3.1979703306778101e-01
  -8.5315703362133100e-01   4.1213217979611300e-01   3.1979703306778101e-01
  -9.3246375634947998e-01  -1.6805118486836801e-01  -3.1979703306778101e-01
  -6.5560101742953103e-01  -6.8404470876281798e-01   3.1979703306778101e-01
  -1.2832097291050501e-01  -9.3875640373440095e-01  -3.1979703306778101e-01
   4.4797332179086902e-01  -8.3489505963605903e-01   3.1979703306778101e-01
   8.5315703362133100e-01  -4.1213217979611200e-01  -3.1979703306778101e-01
   9.3246375634947998e-01   1.6805118486836801e-01   3.1979703306778101e-01
   6.5560101742953103e-01   6.8404470876281798e-01  -3.1979703306778001e-01
   1.2832097291050501e-01   9.3875640373440095e-01   3.1979703306778201e-01
  -1.8446830559199000e-02   3.9202654017145500e-01   9.1976894176935498e-01
  -2.4535121823476599e-01   3.0631335829048900e-01  -9.1976894176935498e-01
  -3.7853977972585801e-01   1.0359888475067699e-01   9.1976894176935298e-01
  -3.6713901145555899e-01  -1.3868684156730801e-01  -9.1976894176935498e-01
  -2.1550361940528301e-01  -3.2799890819895500e-01   9.1976894176935398e-01
   1.8446830559200000e-02  -3.9202654017145500e-01  -9.1976894176935498e-01
   2.4535121823476599e-01  -3.0631335829049000e-01   9.1976894176935498e-01
   3.7853977972585801e-01  -1.0359888475067600e-01  -9.1976894176935298e-01
   3.6713901145555800e-01   1.3868684156730801e-01   9.1976894176935597e-01
   2.1550361940528201e-01   3.2799890819895700e-01  -9.1976894176935298e-01
   2.1982688055134300e-01   5.8443372749199196e-01   7.8109753600743204e-01
  -1.6567784377565700e-01   6.0202781607245404e-01  -7.8109753600743104e-01
  -4.8789926296312902e-01   3.8966774108611402e-01   7.8109753600743104e-01
  -6.2375974678472301e-01   2.8467833324258000e-02  -7.8109753600743104e-01
  -5.2136520814857401e-01  -3.4360581918138899e-01   7.8109753600743104e-01
  -2.1982688055134100e-01  -5.8443372749199296e-01  -7.8109753600743204e-01
   1.6567784377565700e-01  -6.0202781607245404e-01   7.8109753600743104e-01
   4.8789926296313002e-01  -3.8966774108611302e-01  -7.8109753600743104e-01
   6.2375974678472301e-01  -2.8467833324259999e-02   7.8109753600743104e-01
   5.2136520814857401e-01   3.4360581918138899e-01  -7.8109753600743104e-01
   0.0000000000000000e+00   0.0000000000000000e+00  -1.0000000000000000e+00
   0.0000000000000000e+00   1.0000000000000001e-15   1.0000000000000000e+00
