  -8.9914296663508197e-01  -7.5756442135978000e-02  -4.3104859009810298e-01
   8.9914296720957598e-01  -7.5756439619822993e-02   4.3104858934195300e-01
  -7.5756441428278004e-02  -8.9914296593221399e-01  -4.3104859168862403e-01
   7.5756440755558999e-02  -8.9914296719048803e-01   4.3104858918216399e-01
  -7.5756443005928001e-02   8.9914296618371803e-01   4.3104859088672998e-01
  -8.9914296644483105e-01   7.5756440269944006e-02   4.3104859082290897e-01
   7.5756439662526001e-02   8.9914296817067696e-01  -4.3104858732964602e-01
   8.9914296629067703e-01   7.5756440424427002e-02  -4.3104859111731603e-01
   7.2301291004282597e-01   3.2740846804426699e-01   6.0832230516750796e-01
  -7.2301291023250003e-01   3.2740847004658102e-01  -6.0832230386439701e-01
   3.2740847135302698e-01   7.2301290846475397e-01   6.0832230526227804e-01
  -3.2740846784790001e-01   7.2301291145173696e-01  -6.0832230359865502e-01
   3.2740846997999601e-01  -7.2301290892520698e-01  -6.0832230545399901e-01
   7.2301290892525805e-01  -3.2740847017752001e-01  -6.0832230534762799e-01
  -3.2740846962074699e-01  -7.2301291109884602e-01   6.0832230306390500e-01
  -7.2301290992821099e-01  -3.2740846903400900e-01   6.0832230477103799e-01
   3.1042161032248100e-01  -6.4657237909486898e-01   6.9683755814134896e-01
  -3.1042161227227000e-01  -6.4657237807694101e-01  -6.9683755821727500e-01
  -6.4657237802887702e-01   3.1042161069624702e-01   6.9683755896394595e-01
   6.4657237730226202e-01   3.1042161271776803e-01  -6.9683755873761599e-01
  -6.4657237914874000e-01  -3.1042160947313802e-01  -6.9683755846972295e-01
   3.1042160930193002e-01   6.4657238016261098e-01  -6.9683755760525401e-01
   6.4657237907621301e-01  -3.1042161129955698e-01   6.9683755772339895e-01
  -3.1042161144694402e-01   6.4657237849057803e-01   6.9683755820113402e-01
  -5.4153806298805596e-01   1.4276839487327400e-01  -8.2846467140153501e-01
   5.4153806207349797e-01   1.4276839105883299e-01   8.2846467265668799e-01
   1.4276839150593501e-01  -5.4153806265365201e-01  -8.2846467220041298e-01
  -1.4276839402296401e-01  -5.4153806403542204e-01   8.2846467086344200e-01
   1.4276839157535001e-01   5.4153806396253201e-01   8.2846467133288204e-01
  -5.4153806200977295e-01  -1.4276839363340299e-01   8.2846467225467002e-01
  -1.4276839331602900e-01   5.4153806307691998e-01  -8.2846467161180604e-01
   5.4153806336255195e-01  -1.4276839059541599e-01  -8.2846467189393902e-01
  -9.7609051101843103e-01  -1.5333442579510001e-01   1.5406449352743801e-01
   9.7609050995910396e-01  -1.5333442976308700e-01  -1.5406449628972199e-01
  -1.5333442756095100e-01  -9.7609051087808896e-01   1.5406449265909899e-01
   1.5333442802379599e-01  -9.7609051013854997e-01  -1.5406449688387000e-01
  -1.5333442467045100e-01   9.7609051177153405e-01  -1.5406448987539800e-01
  -9.7609050999634495e-01   1.5333442992751700e-01  -1.5406449589012700e-01
   1.5333443238942199e-01   9.7609050897008698e-01   1.5406449994184099e-01
   9.7609051099887900e-01   1.5333442663950600e-01   1.5406449281090301e-01
   7.9877163567340703e-01   4.9576237763194803e-01  -3.4085706530501603e-01
  -7.9877163485611602e-01   4.9576237861745698e-01   3.4085706578689101e-01
   4.9576237961828901e-01   7.9877163395570405e-01  -3.4085706644126801e-01
  -4.9576238075296297e-01   7.9877163427739095e-01   3.4085706403708399e-01
   4.9576237875184997e-01  -7.9877163516704797e-01   3.4085706486277700e-01
   7.9877163433251197e-01  -4.9576237922665700e-01   3.4085706612785999e-01
  -4.9576238002505202e-01  -7.9877163445375599e-01  -3.4085706468250199e-01
  -7.9877163455015798e-01  -4.9576238007362500e-01  -3.4085706438594299e-01
  -4.9695225247678798e-01   8.6675485469344904e-01  -4.2124584550881000e-02
   4.9695225491878398e-01   8.6675485346853498e-01   4.2124580945991003e-02
   8.6675485389578899e-01  -4.9695225410522298e-01  -4.2124581752545999e-02
  -8.6675485490031601e-01  -4.9695225216782501e-01   4.2124583939290000e-02
   8.6675485418606801e-01   4.9695225345170302e-01   4.2124583489488998e-02
  -4.9695225352347799e-01  -8.6675485413650100e-01   4.2124583662629000e-02
  -8.6675485373063399e-01   4.9695225432524298e-01  -4.2124582555162000e-02
   4.9695225315451802e-01  -8.6675485437155197e-01  -4.2124583178908000e-02
  -6.5329628645034499e-01  -6.5329628469184597e-01   3.8263288739733198e-01
   6.5329628550236796e-01  -6.5329628550676300e-01  -3.8263288762451497e-01
  -6.5329628416408503e-01   6.5329628654991900e-01  -3.8263288812840501e-01
   6.5329628674045304e-01   6.5329628384050697e-01   3.8263288835556097e-01
   2.9129108732281001e-01   2.9129108940603898e-01  -9.1120744272582499e-01
  -2.9129108854093100e-01   2.9129108727656100e-01   9.1120744301716405e-01
   2.9129108833736200e-01  -2.9129109005113601e-01   9.1120744219527505e-01
  -2.9129108957620098e-01  -2.9129108790101699e-01  -9.1120744248659002e-01
  -1.5655423153054501e-01  -1.5655423417514000e-01   9.7518282611606499e-01
   1.5655423384042899e-01  -1.5655423388368700e-01  -9.7518282579202997e-01
  -1.5655423318431300e-01   1.5655423243103100e-01  -9.7518282613056895e-01
   1.5655423349974801e-01   1.5655423413408801e-01   9.7518282580652305e-01
