  -1.5129964760147999e-01  -6.4860109310981004e-02   9.8635773574086005e-01
  -6.4859818783463002e-02   9.8635784896465295e-01  -1.5129903401277600e-01
   1.5129978700540200e-01   6.4859333801156993e-02   9.8635776535240505e-01
   9.8635780701056897e-01  -1.5129949858787201e-01  -6.4859373080220994e-02
   6.4859613277351000e-02   9.8635766309572404e-01   1.5130033383259800e-01
   9.8635768360635101e-01   1.5130032411372901e-01   6.4859324031271995e-02
   6.4859742843156001e-02  -9.8635776599938096e-01  -1.5129960743845100e-01
  -9.8635776719999502e-01   1.5129970749071700e-01  -6.4859491190293994e-02
  -6.4859537935956002e-02  -9.8635777397423796e-01   1.5129964328880999e-01
  -9.8635772508364405e-01  -1.5129998101919701e-01   6.4859493610490995e-02
  -1.5129949193994099e-01   6.4859659710233997e-02  -9.8635778918250006e-01
   1.5129995060387200e-01  -6.4859796691179999e-02  -9.8635770981953896e-01
  -8.9318072900090795e-01   2.5617486467054201e-01   3.6959792214301801e-01
   2.5617508329270700e-01   3.6959837201780299e-01  -8.9318048013924101e-01
   8.9318078450749705e-01  -2.5617508883066298e-01   3.6959763263470002e-01
   3.6959793224881099e-01  -8.9318067405734602e-01   2.5617504165680999e-01
  -2.5617478922074499e-01   3.6959756146407902e-01   8.9318089988955396e-01
   3.6959752137068602e-01   8.9318096875040798e-01  -2.5617460697486799e-01
  -2.5617493497334398e-01  -3.6959794803557700e-01  -8.9318069812289103e-01
  -3.6959804601017698e-01   8.9318062795399700e-01   2.5617503827103000e-01
   2.5617530671858602e-01  -3.6959803014500597e-01   8.9318055752494396e-01
  -3.6959756965701801e-01  -8.9318080469199601e-01  -2.5617510931662302e-01
  -8.9318067536777102e-01  -2.5617495069886398e-01  -3.6959799212659000e-01
   8.9318083052698105e-01   2.5617493306664102e-01  -3.6959762938557100e-01
   7.0312803938412605e-01  -2.7068353460392203e-01   6.5752671757591996e-01
  -2.7068374314055699e-01   6.5752651856197597e-01   7.0312814521051903e-01
  -7.0312784745231904e-01   2.7068339538597902e-01   6.5752698013038702e-01
   6.5752640858399403e-01   7.0312826030674103e-01  -2.7068371131756602e-01
   2.7068322280318602e-01   6.5752754688350901e-01  -7.0312738389443696e-01
   6.5752707304260805e-01  -7.0312784176844700e-01   2.7068318445383199e-01
   2.7068369222623201e-01  -6.5752692232498999e-01   7.0312778723401403e-01
  -6.5752676906295104e-01  -7.0312805119179100e-01  -2.7068337886333199e-01
  -2.7068378602883802e-01  -6.5752682176787702e-01  -7.0312784515828197e-01
  -6.5752700822970800e-01   7.0312780826063603e-01   2.7068342893329000e-01
   7.0312814436019000e-01   2.7068365877895001e-01  -6.5752655420038897e-01
  -7.0312782621443104e-01  -2.7068335049588499e-01  -6.5752702132101803e-01
  -8.1662662842888800e-01   4.6124094555604200e-01  -3.4695495368049600e-01
   4.6124158948154498e-01  -3.4695425325196799e-01  -8.1662656231774999e-01
   8.1662652957987503e-01  -4.6124075827225802e-01  -3.4695543531520501e-01
  -3.4695458828978398e-01  -8.1662693328535796e-01   4.6124068066208002e-01
  -4.6124109244741601e-01  -3.4695466400512398e-01   8.1662666853526600e-01
  -3.4695453325292902e-01   8.1662685718803896e-01  -4.6124085679222698e-01
  -4.6124113647115400e-01   3.4695445192752600e-01  -8.1662673377404704e-01
   3.4695434569411598e-01   8.1662661493166400e-01   4.6124142679210800e-01
   4.6124123624177799e-01   3.4695459949980800e-01   8.1662661472430897e-01
   3.4695433706595102e-01  -8.1662698245101195e-01  -4.6124078258983198e-01
  -8.1662663343152297e-01  -4.6124099139221297e-01   3.4695488097132399e-01
   8.1662679409601302e-01   4.6124081159948999e-01   3.4695474183171399e-01
  -7.0304574986410595e-01  -1.4115685833934200e-01   6.9699455876052896e-01
  -1.4115700990806701e-01   6.9699434050444897e-01  -7.0304593580973196e-01
   7.0304587499789195e-01   1.4115680482390700e-01   6.9699444337839200e-01
   6.9699474284019303e-01  -7.0304545715819700e-01  -1.4115740725288001e-01
   1.4115663090151501e-01   6.9699430323242195e-01   7.0304604885745903e-01
   6.9699445686587103e-01   7.0304579526871602e-01   1.4115713532524199e-01
   1.4115675594654101e-01  -6.9699426458683800e-01  -7.0304606206400300e-01
  -6.9699475690436197e-01   7.0304551289975803e-01  -1.4115706018243099e-01
  -1.4115691217348700e-01  -6.9699461439536303e-01   7.0304568389934996e-01
  -6.9699468618641403e-01  -7.0304559401594502e-01   1.4115700536165299e-01
  -7.0304576081906001e-01   1.4115679747556001e-01  -6.9699456003672899e-01
   7.0304569736765599e-01  -1.4115620070343499e-01  -6.9699474489826596e-01
   4.5803250275358198e-01  -1.0404648678432900e-01   8.8282532531023905e-01
  -1.0404687446254600e-01   8.8282516282368195e-01   4.5803272786987098e-01
  -4.5803221594249599e-01   1.0404638805632500e-01   8.8282548575085895e-01
   8.8282497092342005e-01   4.5803313985802502e-01  -1.0404668906727001e-01
   1.0404596369442100e-01   8.8282567027585102e-01  -4.5803195668085700e-01
   8.8282545454572603e-01  -4.5803238525309198e-01   1.0404590749037300e-01
   1.0404648831736700e-01  -8.8282537611539103e-01   4.5803240448197902e-01
  -8.8282534416952996e-01  -4.5803244132020798e-01  -1.0404659720626200e-01
  -1.0404631259721600e-01  -8.8282530725027597e-01  -4.5803257713112400e-01
  -8.8282544616533498e-01   4.5803227798588603e-01   1.0404645080942100e-01
   4.5803201798523102e-01   1.0404712931436701e-01  -8.8282550109396896e-01
  -4.5803209473433198e-01  -1.0404652934043700e-01  -8.8282553198550495e-01
  -4.1126036058781301e-01  -9.0441228650188799e-01   1.1359283354864000e-01
  -9.0441239031777798e-01   1.1359311855634199e-01  -4.1126005356261802e-01
   4.1126027908424900e-01   9.0441225592330099e-01   1.1359337209217700e-01
   1.1359327648500500e-01  -4.1126014336731997e-01  -9.0441232964555096e-01
   9.0441244948726895e-01   1.1359286375846300e-01   4.1125999381849698e-01
   1.1359333978675100e-01   4.1125986017052002e-01   9.0441245047191599e-01
   9.0441237233906602e-01  -1.1359330622273700e-01  -4.1126004126514698e-01
  -1.1359296914883001e-01   4.1126004560335300e-01  -9.0441241270245798e-01
  -9.0441236214035203e-01  -1.1359311633245600e-01   4.1126011614255797e-01
  -1.1359288434870500e-01  -4.1126051901713900e-01   9.0441220807942202e-01
  -4.1126049473423698e-01   9.0441219931031402e-01  -1.1359304208283300e-01
   4.1126056256459897e-01  -9.0441219086355096e-01  -1.1359286375666700e-01
   5.7735025856964395e-01   5.7735033313541595e-01   5.7735021586380997e-01
  -5.7735002703248295e-01  -5.7735041744970395e-01   5.7735036308661303e-01
  -5.7734999441939505e-01   5.7735037340741502e-01  -5.7735043974196598e-01
   5.7734965699183305e-01  -5.7735056851653599e-01  -5.7735058206002199e-01
  -5.7735048433652003e-01  -5.7735022336748298e-01  -5.7735009986480801e-01
   5.7735014940181795e-01   5.7735028096654495e-01  -5.7735037720049198e-01
   5.7735051489668598e-01  -5.7735031392068603e-01   5.7734997875137894e-01
  -5.7735041609992499e-01   5.7735014034483001e-01   5.7735025112408900e-01
