   1.6293275515849101e-01  -9.4077715840928300e-01   2.9730666913444398e-01
  -9.4077844910112096e-01   2.9731156019900701e-01   1.6291637695125299e-01
  -1.6293211802977201e-01   9.4077705356060704e-01   2.9730735007421999e-01
   2.9731461615286298e-01   1.6294070031854299e-01  -9.4077327087964102e-01
   9.4077780998381200e-01   2.9731303092805800e-01  -1.6291738361032501e-01
   2.9731489216756701e-01  -1.6294188630457901e-01   9.4077297823805195e-01
   9.4077850401979601e-01  -2.9731126616476600e-01   1.6291659640987699e-01
  -2.9731459292279300e-01  -1.6294054665974500e-01  -9.4077330483457999e-01
  -9.4077784401582498e-01  -2.9731395629037199e-01  -1.6291549835391200e-01
  -2.9731381571975601e-01   1.6294243213777501e-01   9.4077322389148899e-01
   1.6293095085675299e-01   9.4077716860089600e-01  -2.9730762568793401e-01
  -1.6293271060363801e-01  -9.4077700798503205e-01  -2.9730716954369102e-01
   1.7263336529278300e-01  -8.0113217848520801e-01   5.7304882321075801e-01
  -8.0113309748314998e-01   5.7305670738952097e-01   1.7260292649006501e-01
  -1.7263285610275200e-01   8.0113230012861703e-01   5.7304880654656098e-01
   5.7306180913139004e-01   1.7263123378260201e-01  -8.0112334882822800e-01
   8.0113211591396405e-01   5.7305794362659301e-01  -1.7260337800192599e-01
   5.7306259509743096e-01  -1.7263162961456899e-01   8.0112270131161301e-01
   8.0113331828831003e-01  -5.7305647372020496e-01   1.7260267742919100e-01
  -5.7306247348376305e-01  -1.7263112040193099e-01  -8.0112289803340697e-01
  -8.0113232511993104e-01  -5.7305799256526802e-01  -1.7260224449582801e-01
  -5.7306190512097299e-01   1.7263167263639001e-01   8.0112318559749796e-01
   1.7263225771308999e-01   8.0113166802877500e-01  -5.7304987049847100e-01
  -1.7263324665164301e-01  -8.0113172019267898e-01  -5.7304949965219598e-01
   4.1698148269515201e-01  -9.0867411533673303e-01   2.0923556255039000e-02
  -9.0867499461970302e-01   2.0930112564346001e-02   4.1697923754178301e-01
  -4.1698122660724601e-01   9.0867423353981502e-01   2.0923526422314001e-02
   2.0930804565548002e-02   4.1698207217289202e-01  -9.0867367789907905e-01
   9.0867518951694404e-01   2.0929634180604999e-02  -4.1697883683636999e-01
   2.0931829752442999e-02  -4.1698248820226802e-01   9.0867346337166699e-01
   9.0867505288734995e-01  -2.0929055866490999e-02   4.1697916360498100e-01
  -2.0932159834477999e-02  -4.1698178442817002e-01  -9.0867377872356503e-01
  -9.0867523403391104e-01  -2.0930958164404000e-02  -4.1697867336799999e-01
  -2.0929992544466001e-02   4.1698188701879102e-01   9.0867378156868694e-01
   4.1697900294571499e-01   9.0867522950238000e-01  -2.0924588196532999e-02
  -4.1697889305852398e-01  -9.0867533663061195e-01  -2.0922125679098000e-02
   4.0768030100748498e-01  -6.3791595711941895e-01   6.5334524091238499e-01
  -6.3792411378799596e-01   6.5335602287341099e-01   4.0765025747917699e-01
  -4.0767972306205003e-01   6.3791584225741105e-01   6.5334571369303995e-01
   6.5336551965270295e-01   4.0766949177509099e-01  -6.3790209531305997e-01
   6.3792383879201697e-01   6.5335629319932698e-01  -4.0765025455369402e-01
   6.5336615870305503e-01  -4.0766950533710100e-01   6.3790143210359596e-01
   6.3792505084849205e-01  -6.5335563329758095e-01   4.0764941547641897e-01
  -6.5336612184423604e-01  -4.0766970858625301e-01  -6.3790133996365195e-01
  -6.3792390608654703e-01  -6.5335641023046598e-01  -4.0764996167550599e-01
  -6.5336567697257297e-01   4.0766930346127200e-01   6.3790205452684701e-01
   4.0767964446577998e-01   6.3791505071135601e-01  -6.5334653558749600e-01
  -4.0767970780785800e-01  -6.3791564068848305e-01  -6.5334592001994096e-01
   6.9255927978862597e-01   4.2495812700258201e-01   5.8289984926496397e-01
   4.2494149427221301e-01   5.8288586145144605e-01   6.9258125802370996e-01
  -6.9255861468877700e-01  -4.2495716428255198e-01   5.8290134134799698e-01
   5.8287804639429996e-01   6.9257042342579400e-01   4.2496987143488102e-01
  -4.2494198164273500e-01   5.8288591497468900e-01  -6.9258091394555898e-01
   5.8287793553302503e-01  -6.9257029753951704e-01  -4.2497022864523598e-01
  -4.2494071926800397e-01  -5.8288504363258797e-01   6.9258242182243401e-01
  -5.8287784542292798e-01  -6.9256964389290299e-01   4.2497141747790801e-01
   4.2494108757031701e-01  -5.8288575184627800e-01  -6.9258159980550804e-01
  -5.8287953525956704e-01   6.9256932099274304e-01  -4.2496962596783500e-01
   6.9255886153632795e-01  -4.2495800709547199e-01  -5.8290043361876998e-01
  -6.9255942977622997e-01   4.2495699311552299e-01  -5.8290049770971897e-01
  -2.8803526231526899e-01  -4.1574866368893598e-01   8.6266374463277296e-01
  -4.1575650789395502e-01   8.6265520017821595e-01  -2.8804953002792000e-01
   2.8803649515298102e-01   4.1574880463734198e-01   8.6266326507079705e-01
   8.6264987078150301e-01  -2.8803955790987901e-01  -4.1577447434845999e-01
   4.1575490474461502e-01   8.6265595058598399e-01   2.8804959659647000e-01
   8.6264969251614598e-01   2.8804079147133099e-01   4.1577398962701900e-01
   4.1575515739385199e-01  -8.6265566017798301e-01  -2.8805010165473099e-01
  -8.6265011761789701e-01   2.8803848424167799e-01  -4.1577470602429201e-01
  -4.1575451043562500e-01  -8.6265572155639103e-01   2.8805085161904298e-01
  -8.6264927440250205e-01  -2.8804028292264300e-01   4.1577520944217000e-01
  -2.8803585136683502e-01   4.1574997813086001e-01  -8.6266291447562105e-01
   2.8803546972845601e-01  -4.1574951099865798e-01  -8.6266326702989105e-01
  -2.2525485373745199e-01   7.7207579631131296e-01  -5.9427200474022901e-01
   7.7207520107267202e-01  -5.9426208393870295e-01  -2.2528306523443500e-01
   2.2525345067900701e-01  -7.7207541983909500e-01  -5.9427302566874496e-01
  -5.9425854640314901e-01  -2.2525887676087700e-01   7.7208498137656101e-01
  -7.7207352569615595e-01  -5.9426430299582000e-01   2.2528295342524099e-01
  -5.9425878481965699e-01   2.2525970088153899e-01  -7.7208455743100102e-01
  -7.7207606185037403e-01   5.9426122489676003e-01  -2.2528238125033201e-01
   5.9425914140998504e-01   2.2526009421961299e-01   7.7208416821149595e-01
   7.7207410180358604e-01   5.9426410316944100e-01   2.2528150613933301e-01
   5.9425962686841605e-01  -2.2525981507744100e-01  -7.7208387600408301e-01
  -2.2525366030390601e-01  -7.7207535075854405e-01   5.9427303596138703e-01
   2.2525368110600200e-01   7.7207506655746305e-01   5.9427339730841400e-01
   7.0267344698200004e-04  -6.5857211796636295e-01  -7.5251728995905898e-01
  -6.5857017058080003e-01  -7.5251896278436903e-01   7.3557536218700004e-04
  -7.0386425053199999e-04   6.5857300107126604e-01  -7.5251651598825597e-01
  -7.5251658152068301e-01   7.1499896582100000e-04  -6.5857291419622199e-01
   6.5857228358489694e-01  -7.5251711289201195e-01  -7.3627334991200005e-04
  -7.5251671169258905e-01  -7.1500295295399995e-04   6.5857276545128296e-01
   6.5856989335955596e-01   7.5251920637177305e-01   7.3457605544799995e-04
   7.5251665222074005e-01  -7.1494297799999998e-04  -6.5857283347176399e-01
  -6.5857246956627802e-01   7.5251695078039904e-01  -7.3560692196799997e-04
   7.5251649020208600e-01   7.1598465119199998e-04   6.5857301747028296e-01
   7.0275899842800005e-04   6.5857240607185297e-01   7.5251703774102097e-01
  -7.0277152516699999e-04  -6.5857295128284798e-01   7.5251656058241201e-01
  -9.9036552913753095e-01  -3.7950219654775998e-02   1.3317619728875399e-01
  -3.7943916135897003e-02   1.3317242246250299e-01  -9.9036627826463297e-01
   9.9036557968036198e-01   3.7950585457997003e-02   1.3317571718513799e-01
   1.3317499428967100e-01  -9.9036559905034904e-01  -3.7952616689629001e-02
   3.7944631369511997e-02   1.3317188147386899e-01   9.9036632360704902e-01
   1.3317292289883700e-01   9.9036591189392598e-01   3.7951721503687003e-02
   3.7944583243591998e-02  -1.3317254337694800e-01  -9.9036623644638899e-01
  -1.3317464449280700e-01   9.9036570142306302e-01  -3.7951172696227997e-02
  -3.7944052709482000e-02  -1.3317278746496100e-01   9.9036622395091400e-01
  -1.3317210717580699e-01  -9.9036602897262904e-01   3.7951528656194000e-02
  -9.9036582739022305e-01   3.7946798719000002e-02  -1.3317495411922700e-01
   9.9036578981227597e-01  -3.7947897769361999e-02  -1.3317492040317599e-01
  -8.3189717719799405e-01  -3.2879573762512998e-01  -4.4703517701581003e-01
  -3.2880337030134899e-01  -4.4705573533615200e-01  -8.3188311269163695e-01
   8.3189683518895496e-01   3.2879526743826598e-01  -4.4703615929005103e-01
  -4.4705632173851600e-01  -8.3188972268939898e-01  -3.2878584896157598e-01
   3.2880279663993900e-01  -4.4705703110258699e-01   8.3188264308344295e-01
  -4.4705665096533598e-01   8.3188948602026702e-01   3.2878600012256298e-01
   3.2880152409335200e-01   4.4705628702818001e-01  -8.3188354592603098e-01
   4.4705503792438700e-01   8.3188961358749203e-01  -3.2878787062736498e-01
  -3.2880189230100698e-01   4.4705706502693798e-01   8.3188298229304902e-01
   4.4705692981010298e-01  -8.3188930365324598e-01   3.2878608239413598e-01
  -8.3189704948319099e-01   3.2879566800208199e-01   4.4703546589082399e-01
   8.3189751066332296e-01  -3.2879430535384302e-01   4.4703560990043201e-01
  -9.2429795087171895e-01  -3.6097176065011399e-01   1.2398663648755900e-01
  -3.6096960663388000e-01   1.2395452411984501e-01  -9.2430309911673703e-01
   9.2429819362927002e-01   3.6097188426307503e-01   1.2398446687079000e-01
   1.2396539193572600e-01  -9.2429923419539395e-01  -3.6097577102629702e-01
   3.6097028825260502e-01   1.2395321413084499e-01   9.2430300859916303e-01
   1.2396649149488199e-01   9.2429923973850203e-01   3.6097537922312201e-01
   3.6097039026322297e-01  -1.2395489295882800e-01  -9.2430274362071596e-01
  -1.2396684325681900e-01   9.2429952391446801e-01  -3.6097453076973002e-01
  -3.6096961378744002e-01  -1.2395296245218000e-01   9.2430330575059305e-01
  -1.2396523787558900e-01  -9.2429951848774605e-01   3.6097509598553901e-01
  -9.2429949793289801e-01   3.6096832688736502e-01  -1.2398510033519600e-01
   9.2429911865160397e-01  -3.6096937325445400e-01  -1.2398488146606600e-01
