   9.4786986800257800e-01  -8.0381926993950997e-02   3.0835281601683900e-01
  -9.4786986813297303e-01  -8.0381927506140996e-02  -3.0835281548248999e-01
  -8.0381928102359002e-02   9.4786986806371398e-01  -3.0835281553996602e-01
   8.0381926912671001e-02   9.4786986823358699e-01   3.0835281532791098e-01
  -8.0381926905712997e-02  -9.4786986793140504e-01   3.0835281625862598e-01
   9.4786986789664296e-01   8.0381927541325005e-02  -3.0835281619979099e-01
   8.0381927133359996e-02  -9.4786986803039996e-01  -3.0835281589497399e-01
  -9.4786986823782904e-01   8.0381926982064006e-02   3.0835281529678099e-01
  -1.0277935080697401e-01   5.0335493319011904e-01   8.5794534574229597e-01
   1.0277935100159601e-01   5.0335493329879899e-01  -8.5794534565521896e-01
   5.0335493277676902e-01  -1.0277935039634800e-01  -8.5794534603399997e-01
  -5.0335493296646805e-01  -1.0277935128860299e-01   8.5794534581581405e-01
   5.0335493349926697e-01   1.0277935092359600e-01   8.5794534554694901e-01
  -1.0277935061783899e-01  -5.0335493319542601e-01  -8.5794534576184001e-01
  -5.0335493327952896e-01   1.0277935108194300e-01  -8.5794534565689895e-01
   1.0277935126958100e-01  -5.0335493276685705e-01   8.5794534593520400e-01
   8.5414137066878404e-01   5.1992671817114100e-01  -1.0896175651931000e-02
  -8.5414137095259701e-01   5.1992671767771603e-01   1.0896176948612000e-02
   5.1992671697426995e-01   8.5414137139053703e-01   1.0896176184798999e-02
  -5.1992671868812101e-01   8.5414137035634596e-01  -1.0896175475261000e-02
   5.1992671757246500e-01  -8.5414137102202503e-01  -1.0896176528395999e-02
   8.5414137116001898e-01  -5.1992671737287199e-01   1.0896175235019999e-02
  -5.1992671788605205e-01  -8.5414137083781305e-01   1.0896176005342000e-02
  -8.5414137079006003e-01  -5.1992671795578704e-01  -1.0896176421140999e-02
   2.9072706871789600e-01   2.2177198178341301e-01  -9.3074967612702297e-01
  -2.9072706800950499e-01   2.2177198106286600e-01   9.3074967651998097e-01
   2.2177198155294001e-01   2.9072706847861901e-01   9.3074967625667804e-01
  -2.2177198158402400e-01   2.9072706908036200e-01  -9.3074967606131198e-01
   2.2177198115789501e-01  -2.9072706833313600e-01  -9.3074967639624895e-01
   2.9072706961630601e-01  -2.2177198142279100e-01   9.3074967593232405e-01
  -2.2177198119416699e-01  -2.9072706881219301e-01   9.3074967623796900e-01
  -2.9072706844989399e-01  -2.2177198121781999e-01  -9.3074967634549999e-01
   3.7871081890743302e-01  -8.2451356124359099e-01  -4.2042300480334499e-01
  -3.7871081881789898e-01  -8.2451356164029399e-01   4.2042300410599998e-01
  -8.2451356143699195e-01   3.7871081788490701e-01   4.2042300534513199e-01
   8.2451356146558197e-01   3.7871081970925802e-01  -4.2042300364571400e-01
  -8.2451356117256502e-01  -3.7871081865689199e-01  -4.2042300516832098e-01
   3.7871081827403402e-01   8.2451356148004096e-01   4.2042300491018703e-01
   8.2451356166974199e-01  -3.7871081939545598e-01   4.2042300352799200e-01
  -3.7871081965213199e-01   8.2451356137875298e-01  -4.2042300386745701e-01
   6.0540786168143401e-01   4.5622122459579900e-01   6.5218365146837498e-01
  -6.0540786122733803e-01   4.5622122470938398e-01  -6.5218365181044702e-01
   4.5622122467715598e-01   6.0540786123874002e-01  -6.5218365182240701e-01
  -4.5622122460266101e-01   6.0540786077342301e-01   6.5218365230646203e-01
   4.5622122488891798e-01  -6.0540786149043502e-01   6.5218365144063095e-01
   6.0540786144934200e-01  -4.5622122399586401e-01  -6.5218365210349305e-01
  -4.5622122413453398e-01  -6.0540786166881300e-01  -6.5218365180275895e-01
  -6.0540786081280995e-01  -4.5622122503285201e-01   6.5218365196896799e-01
  -3.3940406911379999e-02   7.6990065646581196e-01   6.3726056519464702e-01
   3.3940406885820000e-02   7.6990065667931595e-01  -6.3726056493806604e-01
   7.6990065635944305e-01  -3.3940406786817999e-02  -6.3726056532979103e-01
  -7.6990065650264905e-01  -3.3940407837448998e-02   6.3726056510082196e-01
   7.6990065656375095e-01   3.3940406858110998e-02   6.3726056507915996e-01
  -3.3940406817615003e-02  -7.6990065643741901e-01  -6.3726056523394503e-01
  -7.6990065641560101e-01   3.3940406836602002e-02  -6.3726056525929198e-01
   3.3940407622330998e-02  -7.6990065620779102e-01   6.3726056546850796e-01
  -6.8142802897743504e-01   6.7001718729143200e-01  -2.9450434641615503e-01
   6.8142802770764399e-01   6.7001718857789805e-01   2.9450434642741702e-01
   6.7001718801602195e-01  -6.8142802860733098e-01   2.9450434562401401e-01
  -6.7001718799264498e-01  -6.8142802809757597e-01  -2.9450434685667598e-01
   6.7001718731336901e-01   6.8142802903574395e-01  -2.9450434623133098e-01
  -6.8142802842669903e-01  -6.7001718774767505e-01   2.9450434665246999e-01
  -6.7001718804890498e-01   6.8142802767919697e-01   2.9450434769673101e-01
   6.8142802827451898e-01  -6.7001718780630903e-01  -2.9450434687118898e-01
  -3.1238376322502098e-01  -6.0688451586736403e-01   7.3082663393845304e-01
   3.1238376404811202e-01  -6.0688451505656205e-01  -7.3082663425992800e-01
  -6.0688451482850303e-01  -3.1238376388034800e-01  -7.3082663452101904e-01
   6.0688451603485205e-01  -3.1238376414363600e-01   7.3082663340671705e-01
  -6.0688451511354902e-01   3.1238376277300800e-01   7.3082663475763499e-01
  -3.1238376355179698e-01   6.0688451585404901e-01  -7.3082663380983304e-01
   6.0688451589658499e-01   3.1238376388482803e-01  -7.3082663363216005e-01
   3.1238376387240702e-01   6.0688451502631702e-01   7.3082663436014705e-01
  -8.4775863473430801e-01   3.3402732165934301e-01  -4.1198427836327500e-01
   8.4775863463450696e-01   3.3402732242387001e-01   4.1198427794877901e-01
   3.3402732236884197e-01  -8.4775863470224400e-01   4.1198427785400898e-01
  -3.3402732204574398e-01  -8.4775863481982405e-01  -4.1198427787401798e-01
   3.3402732161563498e-01   8.4775863475913205e-01  -4.1198427834763102e-01
  -8.4775863460011802e-01  -3.3402732226386000e-01   4.1198427814927602e-01
  -3.3402732209721198e-01   8.4775863439172106e-01   4.1198427871321702e-01
   8.4775863471335600e-01  -3.3402732186138601e-01  -4.1198427824257600e-01
   9.7633515052095099e-01   2.0762106516661899e-01   6.0524103928199999e-02
  -9.7633515048226804e-01   2.0762106525511900e-01  -6.0524104248615998e-02
   2.0762106400137301e-01   9.7633515074791899e-01  -6.0524104264144001e-02
  -2.0762106609662700e-01   9.7633515029514695e-01   6.0524104380417998e-02
   2.0762106460120300e-01  -9.7633515065281795e-01   6.0524103740601000e-02
   9.7633515073505295e-01  -2.0762106414348000e-01  -6.0524103984211000e-02
  -2.0762106504407199e-01  -9.7633515056087194e-01  -6.0524103704606001e-02
  -9.7633515051374598e-01  -2.0762106521209001e-01   6.0524103888428001e-02
   4.6396400000000000e-10  -3.8902600000000002e-10   1.0000000000000000e+00
  -2.8948500000000001e-10   5.4200700000000005e-10  -1.0000000000000000e+00
