   1.8325634748838401e-01   9.0558528030962804e-01  -3.8253419610768002e-01
  -1.4027267854083100e-01   8.8865143209206399e-01   4.3660303239407799e-01
   8.6399276247021695e-01  -3.0337557147952798e-01   4.0184545415937400e-01
  -8.6755597803101103e-01  -3.2759693310340599e-01  -3.7420164938693001e-01
   7.1775201265663502e-01  -5.9476519969206598e-01  -3.6205856648145601e-01
  -6.6427799385423203e-01  -6.4744684870008595e-01   3.7356033647768999e-01
   3.1735733203673000e-01   4.2430783299817398e-01  -8.4808442189378896e-01
  -3.7914502757004198e-01   4.7327668505445297e-01   7.9514667040287601e-01
   4.7755589968554502e-01  -2.8345688940880999e-02   8.7814399991914605e-01
  -4.6491455426186901e-01  -1.4448428334109999e-02  -8.8523765179422997e-01
   1.7871054927760499e-01  -4.3527282777970600e-01  -8.8238319622120798e-01
  -2.1944458128503200e-01  -3.3556522076662598e-01   9.1610046302601700e-01
  -6.3059243856181302e-01  -5.4916572055544399e-01  -5.4842518887765002e-01
   6.3191273910269496e-01  -5.5244811733668397e-01   5.4358749784269500e-01
  -7.8081703245831202e-01  -3.4615662640257699e-01   5.2009648318420898e-01
   7.7219779660807897e-01  -2.8437450061125902e-01  -5.6819161056436296e-01
  -1.0255061675687800e-01   8.0775328794910195e-01  -5.8053251141533802e-01
   1.1026356705341300e-01   7.6632639668324398e-01   6.3291847778930699e-01
   7.8846181473905197e-01   5.0428492934054503e-01   3.5217137410414601e-01
  -7.6903327333735405e-01   5.1498198639570403e-01  -3.7865733610742303e-01
   8.4377054045064903e-01   5.0370922819996400e-01  -1.8527894778904599e-01
  -8.1601038002210502e-01   5.5058265724729405e-01   1.7602783085264900e-01
   5.3971750464449998e-02  -9.4942748462486803e-01   3.0931295089391098e-01
  -7.5509648359279999e-03  -9.5574894637801100e-01  -2.9408661041837297e-01
  -9.5973278792267702e-01  -2.0832585342186599e-01   1.8844976673430999e-01
   9.4876930875292997e-01  -2.1326757997499901e-01  -2.3313888157082699e-01
  -6.9487722171562005e-01  -7.0052656112415201e-01  -1.6250595035367299e-01
   6.9889464594572204e-01  -6.9790260171920204e-01   1.5645520886813799e-01
   2.6737327068181299e-01   9.2988898116690200e-01   2.5262228094388400e-01
  -2.2171658773231101e-01   9.5562963891907104e-01  -1.9394264085998900e-01
  -2.8501165334550399e-01  -7.5699183159356398e-01  -5.8798956143615599e-01
   2.6962388806510101e-01  -7.2686812730498496e-01   6.3163730454494404e-01
  -8.5829282936274298e-01   5.5029811034252002e-02   5.1020107699027095e-01
   8.0813618009530397e-01   1.1897396856643699e-01  -5.7685449571319303e-01
  -4.4511937778332600e-01   5.6689861906370598e-01  -6.9317724661550195e-01
   4.3236044374388000e-01   5.5765091675695000e-01   7.0858302387633398e-01
   4.4265421510305702e-01   6.9864712255840500e-01  -5.6209380355271499e-01
  -4.6764967366630100e-01   7.2409133264902703e-01   5.0694726027700299e-01
   8.2051552893224700e-01  -5.2915404510300000e-04   5.7162399072907299e-01
  -8.2454282220401098e-01  -1.5980331845648999e-02  -5.6557383545028606e-01
   4.1400416126586997e-01  -6.6223600112017600e-01  -6.2453505367985696e-01
  -3.6300750555549799e-01  -6.3009091698933894e-01   6.8644809507923399e-01
   4.1101977629831997e-02   5.9769662389002398e-01  -8.0066807930963801e-01
  -7.4137876239806000e-02   5.4443685128956998e-01   8.3551905439944896e-01
   5.3090417793473599e-01  -3.3406228144087902e-01   7.7880879936602998e-01
  -5.4481764284354295e-01  -3.2037380587924802e-01  -7.7494152073098499e-01
   5.3007648477987201e-01  -2.9434161982620499e-01  -7.9522445329699198e-01
  -5.6525102005033701e-01  -2.8347890643060197e-01   7.7468122085214097e-01
   2.9431546403039799e-01   3.0859254301743300e-01   9.0451592027260896e-01
  -2.9285946944445601e-01   3.4154431728878898e-01  -8.9307379901352302e-01
   5.7783918935991496e-01   1.7463704625613299e-01  -7.9724762358680601e-01
  -6.3496909123281298e-01   1.4560668533474300e-01   7.5869160161741900e-01
   1.1080864474019200e-01  -5.5058091195966297e-01   8.2739476892019803e-01
  -1.6821343027629801e-01  -5.4872559643088503e-01  -8.1890442769364102e-01
  -3.4067744233156799e-01   5.5673664402830003e-02   9.3853040620876105e-01
   2.9548065160636500e-01  -3.6479729515326999e-02  -9.5465198573132704e-01
  -1.3521915275373800e-01  -1.9764254021647401e-01  -9.7090329437351297e-01
   1.3619974610993801e-01  -2.0526170816019701e-01   9.6918381142214005e-01
  -1.3746345318458000e-02   1.5039721702649900e-01   9.8853007799513604e-01
  -2.3657727792700001e-04   1.6348691539049900e-01  -9.8654547413045901e-01
   1.4306139156424200e-01  -8.0340372289651796e-01  -5.7799298981883596e-01
  -1.7418255958202400e-01  -8.1405525898810605e-01   5.5405276937423698e-01
  -7.1533240382412600e-01   4.7231763606083799e-01   5.1499087633190099e-01
   6.8104838687654601e-01   5.2506672398413401e-01  -5.1037048317611899e-01
  -6.9892808982411503e-01   2.4987187976557401e-01  -6.7012205526846602e-01
   6.9879089376592796e-01   2.7047556303774900e-01   6.6221919074369096e-01
  -4.1343815046111798e-01  -8.7278072467714596e-01  -2.5946618734495203e-01
   4.2083138081993798e-01  -8.5854799559101103e-01   2.9291003428329798e-01
  -9.5991150861670704e-01   2.0375080108988400e-01   1.9249806929013000e-01
   9.5613177914983605e-01   1.5970084279783300e-01  -2.4557618310705900e-01
  -4.8111917038702601e-01   7.8369202338948596e-01  -3.9287549727845500e-01
   5.2360469106379603e-01   7.5250617945288301e-01   3.9946536443252700e-01
  -4.0973025830563398e-01   8.9734463250351504e-01   1.6399306676176800e-01
   4.3838979240528198e-01   8.8666492492775195e-01  -1.4710438748629701e-01
   5.2449710248178005e-01  -8.2233530727398596e-01  -2.2060696248943801e-01
  -4.9316222923553998e-01  -8.4358710835626505e-01   2.1248954390874900e-01
   9.8751426602675496e-01  -5.0110984885505999e-02   1.4934678967907100e-01
  -9.8440649319186502e-01  -4.1483064077954997e-02  -1.7094739411994400e-01
   9.4254013176491303e-01   2.8305964401928602e-01   1.7746925914156100e-01
  -9.2923721442534402e-01   3.1236445428320098e-01  -1.9734904871163000e-01
   6.7804250406550204e-01   7.3502268888075795e-01   9.7524792884000003e-05
  -6.5931911091664097e-01   7.5102903604042204e-01  -3.5407583993913999e-02
  -2.0283904603628700e-01  -9.7699832061894598e-01   6.5807316544955002e-02
   2.6377082248685602e-01  -9.6189442773492695e-01  -7.2000438173011994e-02
   2.3656922484928001e-02   9.9914133824249296e-01   3.4013765353795002e-02
   8.8450165716539597e-01  -4.6639026281358698e-01   1.1702188869660001e-02
  -8.7079255155343205e-01  -4.9095898773959301e-01   2.6069225473287001e-02
