   9.0306919063733304e-01   1.0425254401805800e-01  -4.1665026579542103e-01
   9.1795781875648297e-01   1.0442814221864399e-01   3.8268551853526200e-01
  -6.1864359570271199e-01   7.0610142200056103e-01  -3.4452994549792898e-01
   6.6772558401010396e-01  -5.8133826046197201e-01   4.6496061272049100e-01
  -8.1784365083543398e-01   2.4820482368350000e-01   5.1915905875599599e-01
   3.8378015715277197e-01   3.9400054246921401e-01  -8.3515050350805597e-01
   9.1504451967200795e-01  -3.3069774821370401e-01  -2.3093836048740601e-01
  -6.7327733837321202e-01   7.3938400714587904e-01  -2.9859018716729998e-03
  -7.6272711357103595e-01   3.5987127649462503e-01  -5.3734534014702795e-01
  -3.4529808968673997e-01  -4.2784609427074899e-01   8.3529452822100603e-01
   3.8058101769921798e-01  -1.1228296483828001e-02  -9.2467941164767997e-01
  -8.8704390639753805e-01   4.3951085891322500e-01   1.4136234654374699e-01
  -5.7566250035685003e-02  -9.9716098872280101e-01   4.8539565574853998e-02
  -3.4445874963723998e-02  -6.9741446994706302e-01  -7.1583974380195003e-01
  -2.8493193355378499e-01   9.4676187046937599e-01  -1.4985244030922301e-01
   6.4480083103037500e-01  -1.9062046436147999e-02   7.6411290179410196e-01
  -4.3257957775575501e-01   8.6386824123157302e-01   2.5808248817020002e-01
   3.4910940449227701e-01  -6.5546979590152998e-01   6.6968796491788096e-01
   6.6150269098600900e-01   3.9699266577277198e-01  -6.3624760364255795e-01
   2.4943917243658000e-02  -2.7773259285781798e-01   9.6033452913920303e-01
   8.2500000000000006e-12   6.3027000000000001e-11  -1.0000000000000000e+00
  -1.0425254359390999e-01   9.0306919077763204e-01  -4.1665026559745799e-01
  -1.0442814221652300e-01   9.1795781860296699e-01   3.8268551890408298e-01
  -7.0610142222356398e-01  -6.1864359560110904e-01  -3.4452994522333202e-01
   5.8133826012504897e-01   6.6772558418147498e-01   4.6496061289563900e-01
  -2.4820482336256600e-01  -8.1784365045550200e-01   5.1915905950794705e-01
  -3.9400054318043198e-01   3.8378015722778902e-01  -8.3515050313804995e-01
   3.3069774817205899e-01   9.1504451976409296e-01  -2.3093836018217201e-01
  -7.3938400711376795e-01  -6.7327733840981496e-01  -2.9859015695900002e-03
  -3.5987127630873200e-01  -7.6272711356394896e-01  -5.3734534028158398e-01
   4.2784609475582602e-01  -3.4529808958317099e-01   8.3529452801535897e-01
   1.1228295916040000e-02   3.8058101769468400e-01  -9.2467941165643996e-01
  -4.3951085878578300e-01  -8.8704390640717301e-01   1.4136234687951801e-01
   9.9716098875333603e-01  -5.7566249745201997e-02   4.8539565292070999e-02
   6.9741447018809100e-01  -3.4445874925236999e-02  -7.1583974356897695e-01
  -9.4676187049931304e-01  -2.8493193353947499e-01  -1.4985244014729199e-01
   1.9062046541222000e-02   6.4480083044847303e-01   7.6411290228252204e-01
  -8.6386824111342897e-01  -4.3257957782063400e-01   2.5808248845691500e-01
   6.5546979601429300e-01   3.4910940439303900e-01   6.6968796485924698e-01
  -3.9699266500681601e-01   6.6150269148116103e-01  -6.3624760360567700e-01
   2.7773259318079802e-01   2.4943917110821001e-02   9.6033452904924599e-01
  -9.0306919066566804e-01  -1.0425254393167500e-01  -4.1665026575562097e-01
  -9.1795781865078196e-01  -1.0442814234419701e-01   3.8268551875454898e-01
   6.1864359568300198e-01  -7.0610142225499695e-01  -3.4452994501186301e-01
  -6.6772558393150205e-01   5.8133826053866000e-01   4.6496061273748701e-01
   8.1784365081116694e-01  -2.4820482350757800e-01   5.1915905887833003e-01
  -3.8378015705029800e-01  -3.9400054270728802e-01  -8.3515050344283004e-01
  -9.1504451977031198e-01   3.3069774798968499e-01  -2.3093836041868501e-01
   6.7327733822600699e-01  -7.3938400728144005e-01  -2.9859014958910001e-03
   7.6272711359989798e-01  -3.5987127650007600e-01  -5.3734534010241097e-01
   3.4529808983833898e-01   4.2784609421312703e-01   8.3529452818785199e-01
  -3.8058101766365199e-01   1.1228296257488000e-02  -9.2467941166506595e-01
   8.8704390638077601e-01  -4.3951085892034197e-01   1.4136234662680500e-01
   5.7566249539849998e-02   9.9716098874348802e-01   4.8539565737906999e-02
   3.4445875494096001e-02   6.9741446993707001e-01  -7.1583974378616400e-01
   2.8493193326208299e-01  -9.4676187059486505e-01  -1.4985244007103901e-01
  -6.4480083106328900e-01   1.9062046560022000e-02   7.6411290176323798e-01
   4.3257957735119001e-01  -8.6386824136099605e-01   2.5808248841509202e-01
  -3.4910940417795600e-01   6.5546979610101697e-01   6.6968796488648596e-01
  -6.6150269103873205e-01  -3.9699266567591202e-01  -6.3624760364817901e-01
  -2.4943917420238999e-02   2.7773259294659303e-01   9.6033452910894301e-01
   1.0425254363366100e-01  -9.0306919080352299e-01  -4.1665026553139400e-01
   1.0442814197766000e-01  -9.1795781862084702e-01   3.8268551892637698e-01
   7.0610142216965499e-01   6.1864359571128302e-01  -3.4452994513598600e-01
  -5.8133826020445101e-01  -6.6772558407780203e-01   4.6496061294524699e-01
   2.4820482334374899e-01   8.1784365061062103e-01   5.1915905927258099e-01
   3.9400054317222200e-01  -3.8378015735859200e-01  -8.3515050308181504e-01
  -3.3069774847911798e-01  -9.1504451957060695e-01  -2.3093836050911901e-01
   7.3938400719916098e-01   6.7327733831631198e-01  -2.9859015076709999e-03
   3.5987127652260797e-01   7.6272711363002599e-01  -5.3734534004455503e-01
  -4.2784609482413100e-01   3.4529808985550903e-01   8.3529452786779201e-01
  -1.1228295900361999e-02  -3.8058101763945001e-01  -9.2467941167936396e-01
   4.3951085880230101e-01   8.8704390642614095e-01   1.4136234670914599e-01
  -9.9716098875053205e-01   5.7566249584346002e-02   4.8539565540438999e-02
  -6.9741447013383495e-01   3.4445874921207001e-02  -7.1583974362203096e-01
   9.4676187050124905e-01   2.8493193350845403e-01  -1.4985244019404600e-01
  -1.9062046157711999e-02  -6.4480083045625503e-01   7.6411290228552298e-01
   8.6386824113870098e-01   4.3257957773576000e-01   2.5808248851458099e-01
  -6.5546979589758503e-01  -3.4910940432374299e-01   6.6968796500960004e-01
   3.9699266545643003e-01  -6.6150269150921404e-01  -6.3624760329596897e-01
  -2.7773259337839401e-01  -2.4943916963130999e-02   9.6033452899593696e-01
