  -8.6637634364169702e-01   2.2369680458022501e-01   4.4648826501784100e-01
   2.2369680621201701e-01   4.4648826534784097e-01  -8.6637634305030498e-01
   8.6637634311557898e-01  -2.2369680622529300e-01   4.4648826521453000e-01
   4.4648826367979000e-01  -8.6637634406714503e-01   2.2369680560315300e-01
  -2.2369680428600200e-01   4.4648826502354400e-01   8.6637634371472505e-01
   4.4648826284956700e-01   8.6637634494794102e-01  -2.2369680384891999e-01
  -2.2369680558860000e-01  -4.4648826358253701e-01  -8.6637634412102205e-01
  -4.4648826481046500e-01   8.6637634382974105e-01   2.2369680426584401e-01
   2.2369680380139900e-01  -4.4648826280877402e-01   8.6637634498123395e-01
  -4.4648826501492400e-01  -8.6637634321906398e-01  -2.2369680622290100e-01
  -8.6637634492119997e-01  -2.2369680407440801e-01  -4.4648826278848303e-01
   8.6637634417255804e-01   2.2369680548221399e-01  -4.4648826353583598e-01
  -8.0684478393356796e-01  -4.6175807924312801e-01  -3.6848469560198899e-01
  -4.6175808177494498e-01  -3.6848469839083497e-01  -8.0684478121094505e-01
   8.0684478133505999e-01   4.6175808161358600e-01  -3.6848469832127301e-01
  -3.6848469796835698e-01  -8.0684478170649399e-01  -4.6175808124619500e-01
   4.6175807894576498e-01  -3.6848469571679299e-01   8.0684478405131899e-01
  -3.6848469770255399e-01   8.0684478310550500e-01   4.6175807901377203e-01
   4.6175808121729500e-01   3.6848469844388299e-01  -8.0684478150586203e-01
   3.6848469548132801e-01   8.0684478418296901e-01  -4.6175807890362902e-01
  -4.6175807896783599e-01   3.6848469793605998e-01   8.0684478302515095e-01
   3.6848469846060999e-01  -8.0684478121330805e-01   4.6175808171513599e-01
  -8.0684478277410299e-01   4.6175807931470603e-01   3.6848469805109102e-01
   8.0684478170998697e-01  -4.6175808109871203e-01   3.6848469814552598e-01
  -1.3484241885811199e-01  -4.0021669507572001e-02   9.9005847708421801e-01
  -4.0021669975617999e-02   9.9005847701627603e-01  -1.3484241921804599e-01
   1.3484241898135699e-01   4.0021669788941998e-02   9.9005847705605798e-01
   9.9005847692411697e-01  -1.3484242043614300e-01  -4.0021668151401998e-02
   4.0021669677461000e-02   9.9005847711692097e-01   1.3484241856757001e-01
   9.9005847728602103e-01   1.3484241785539700e-01   4.0021667893743000e-02
   4.0021668037836002e-02  -9.9005847692756799e-01  -1.3484242044450701e-01
  -9.9005847711523898e-01   1.3484241863519100e-01  -4.0021669491235000e-02
  -4.0021667837798001e-02  -9.9005847727089202e-01   1.3484241798308200e-01
  -9.9005847704203098e-01  -1.3484241908742900e-01   4.0021669778574999e-02
  -1.3484241812274500e-01   4.0021667670890999e-02  -9.9005847725861695e-01
   1.3484242037811300e-01  -4.0021667867212000e-02  -9.9005847694350801e-01
   4.9794077313207001e-02  -2.7973815656187900e-01  -9.5878418511565400e-01
  -2.7973815712997502e-01  -9.5878418506851204e-01   4.9794075029414998e-02
  -4.9794075085005003e-02   2.7973815711183397e-01  -9.5878418507091800e-01
  -9.5878418446095504e-01   4.9794077429760997e-02  -2.7973815878506803e-01
   2.7973815668423302e-01  -9.5878418508385099e-01  -4.9794077238191001e-02
  -9.5878418430696299e-01  -4.9794076856858001e-02   2.7973815941484598e-01
   2.7973815901293803e-01   9.5878418439037905e-01   4.9794077508567000e-02
   9.5878418503408602e-01  -4.9794077337113003e-02  -2.7973815683719200e-01
  -2.7973815957599202e-01   9.5878418424315004e-01  -4.9794077180261000e-02
   9.5878418501672202e-01   4.9794074909288999e-02   2.7973815732886498e-01
   4.9794077031904999e-02   2.7973815951717801e-01   9.5878418426801504e-01
  -4.9794077785620998e-02  -2.7973815888869102e-01   9.5878418441224100e-01
   2.0547076867077699e-01  -1.9290174307228700e-01   9.5946374644460297e-01
  -1.9290174438589799e-01   9.5946374633171405e-01   2.0547076796466801e-01
  -2.0547076808667800e-01   1.9290174463045001e-01   9.5946374625641795e-01
   9.5946374573873505e-01   2.0547077034050201e-01  -1.9290174480464600e-01
   1.9290174290288001e-01   9.5946374644768495e-01  -2.0547076881543300e-01
   9.5946374536634005e-01  -2.0547077169404099e-01   1.9290174521514900e-01
   1.9290174489262599e-01  -9.5946374568567505e-01   2.0547077050567300e-01
  -9.5946374637253296e-01  -2.0547076906420300e-01  -1.9290174301169200e-01
  -1.9290174512206501e-01  -9.5946374534889201e-01  -2.0547077186290799e-01
  -9.5946374622056296e-01   2.0547076826065200e-01   1.9290174462347801e-01
   2.0547077172644401e-01   1.9290174546059799e-01  -9.5946374531005296e-01
  -2.0547077065274300e-01  -1.9290174494969800e-01  -9.5946374564270498e-01
  -2.7890539207401899e-01   7.7200485413785702e-01  -5.7115697269631904e-01
   7.7200485426817200e-01  -5.7115697246639896e-01  -2.7890539218415200e-01
   2.7890539216023802e-01  -7.7200485424933896e-01  -5.7115697250353203e-01
  -5.7115697167536505e-01  -2.7890539207883502e-01   7.7200485489145598e-01
  -7.7200485426601295e-01  -5.7115697253356701e-01   2.7890539205257697e-01
  -5.7115697056713899e-01   2.7890539158223399e-01  -7.7200485589076995e-01
  -7.7200485507836503e-01   5.7115697142192101e-01  -2.7890539208048998e-01
   5.7115697255647002e-01   2.7890539195209502e-01   7.7200485428537002e-01
   7.7200485599511404e-01   5.7115697037612800e-01   2.7890539168457501e-01
   5.7115697240690599e-01  -2.7890539203410902e-01  -7.7200485436639399e-01
  -2.7890539172426199e-01  -7.7200485593980095e-01   5.7115697043151104e-01
   2.7890539218500898e-01   7.7200485497024895e-01   5.7115697151701705e-01
   9.1236385994555302e-01  -3.9319814904157702e-01  -1.1396228611049400e-01
  -3.9319814699391098e-01  -1.1396228714325400e-01   9.1236386069902697e-01
  -9.1236386078317500e-01   3.9319814682410198e-01  -1.1396228705546201e-01
  -1.1396228836994600e-01   9.1236386016270199e-01  -3.9319814788284302e-01
   3.9319814903575601e-01  -1.1396228568156200e-01  -9.1236386000163805e-01
  -1.1396228525982501e-01  -9.1236386102992195e-01   3.9319814677199499e-01
   3.9319814767749500e-01   1.1396228806640400e-01   9.1236386028911598e-01
   1.1396228603130200e-01  -9.1236385992922497e-01  -3.9319814910241602e-01
  -3.9319814691232002e-01   1.1396228509084400e-01  -9.1236386099055400e-01
   1.1396228737087601e-01   9.1236386076245601e-01   3.9319814678075898e-01
   9.1236386107669998e-01   3.9319814664100300e-01   1.1396228533728800e-01
  -9.1236386019908200e-01  -3.9319814784925999e-01   1.1396228819456500e-01
   8.4866233698178795e-01  -1.2909984472825001e-02  -5.2877742963322605e-01
  -1.2909985424660000e-02  -5.2877743203549299e-01   8.4866233547052405e-01
  -8.4866233555281301e-01   1.2909985214183000e-02  -5.2877743190856197e-01
  -5.2877743352546003e-01   8.4866233456569296e-01  -1.2909983878239000e-02
   1.2909984639681999e-02  -5.2877742928180804e-01  -8.4866233719820905e-01
  -5.2877743038614899e-01  -8.4866233652106704e-01   1.2909983920382000e-02
   1.2909983944448001e-02   5.2877743344647998e-01   8.4866233461389595e-01
   5.2877742949682704e-01  -8.4866233706712202e-01  -1.2909984449961000e-02
  -1.2909983871646999e-02   5.2877743041967096e-01  -8.4866233650092204e-01
   5.2877743224035600e-01   8.4866233534432600e-01   1.2909985329594000e-02
   8.4866233634355903e-01   1.2909983743557001e-02   5.2877743067535898e-01
  -8.4866233466819896e-01  -1.2909983655302999e-02   5.2877743336638605e-01
  -6.9585113208617000e-01   2.1116478210103401e-01   6.8644055589294795e-01
   2.1116478109971101e-01   6.8644055554440997e-01  -6.9585113273385801e-01
   6.9585113274140098e-01  -2.1116478133508401e-01   6.8644055546435701e-01
   6.8644055388919101e-01  -6.9585113438475699e-01   2.1116478104018199e-01
  -2.1116478193050300e-01   6.8644055596021802e-01   6.9585113207155902e-01
   6.8644055359893896e-01   6.9585113452599801e-01  -2.1116478151828000e-01
  -2.1116478087036000e-01  -6.8644055373790602e-01  -6.9585113458553005e-01
  -6.8644055577647500e-01   6.9585113222467898e-01   2.1116478202322300e-01
   2.1116478149850501e-01  -6.8644055349957200e-01   6.9585113463002302e-01
  -6.8644055529233206e-01  -6.9585113298108303e-01  -2.1116478110446699e-01
  -6.9585113474488203e-01  -2.1116478153115301e-01  -6.8644055337309395e-01
   6.9585113449581304e-01   2.1116478110148601e-01  -6.8644055375775304e-01
  -2.6171816926302899e-01  -5.8163009839624402e-01   7.7020129090854095e-01
  -5.8163009829083301e-01   7.7020129150650196e-01  -2.6171816773757201e-01
   2.6171816785786400e-01   5.8163009812642597e-01   7.7020129158978101e-01
   7.7020129272679405e-01  -2.6171816832179101e-01  -5.8163009641202501e-01
   5.8163009845062597e-01   7.7020129088837597e-01   2.6171816920151802e-01
   7.7020129326312703e-01   2.6171816807777498e-01   5.8163009581160796e-01
   5.8163009621380302e-01  -7.7020129288127803e-01  -2.6171816830768602e-01
  -7.7020129105156798e-01   2.6171816913029000e-01  -5.8163009826657697e-01
  -5.8163009571660695e-01  -7.7020129330427600e-01   2.6171816816780602e-01
  -7.7020129170596496e-01  -2.6171816764104500e-01   5.8163009807013699e-01
  -2.6171816807634801e-01   5.8163009563774604e-01  -7.7020129339490695e-01
   2.6171816849454199e-01  -5.8163009612992600e-01  -7.7020129288112404e-01
   5.0613643708684397e-01   7.0099288159696704e-01   5.0242898702544603e-01
   7.0099288356850897e-01   5.0242898530213598e-01   5.0613643606696801e-01
  -5.0613643612319603e-01  -7.0099288350311195e-01   5.0242898533673597e-01
   5.0242898628142596e-01   5.0613643576448797e-01   7.0099288308501295e-01
  -7.0099288163517104e-01   5.0242898693892502e-01  -5.0613643711982004e-01
   5.0242898619908105e-01  -5.0613643634232197e-01  -7.0099288272682103e-01
  -7.0099288317843400e-01  -5.0242898612479503e-01   5.0613643579058398e-01
  -5.0242898709914297e-01  -5.0613643703441302e-01   7.0099288158200301e-01
   7.0099288267100601e-01  -5.0242898619791398e-01  -5.0613643642078199e-01
  -5.0242898527789803e-01   5.0613643595593505e-01  -7.0099288366605095e-01
   5.0613643630018901e-01  -7.0099288278986704e-01  -5.0242898615356302e-01
  -5.0613643585224599e-01   7.0099288299153195e-01  -5.0242898632344501e-01
  -4.4074814918257799e-01   6.0224202415797901e-01   6.6561671653454701e-01
   6.0224202226009904e-01   6.6561671834234004e-01  -4.4074814904573301e-01
   4.4074814910001597e-01  -6.0224202233799795e-01   6.6561671823591395e-01
   6.6561671563402702e-01  -4.4074814939078599e-01   6.0224202500088697e-01
  -6.0224202380499803e-01   6.6561671681416701e-01   4.4074814924261402e-01
   6.6561671658601196e-01   4.4074814978320898e-01  -6.0224202366152901e-01
  -6.0224202494020795e-01  -6.6561671576093195e-01  -4.4074814928204598e-01
  -6.6561671646237097e-01   4.4074814942400797e-01   6.0224202406106198e-01
   6.0224202385202596e-01  -6.6561671646074405e-01   4.4074814971209197e-01
  -6.6561671826629298e-01  -4.4074814917987998e-01  -6.0224202224597401e-01
  -4.4074814965578202e-01  -6.0224202388319403e-01  -6.6561671646983001e-01
   4.4074814928254002e-01   6.0224202530693305e-01  -6.6561671542879697e-01
  -8.9025783677553005e-01  -2.9351854775822900e-01   3.4826404663940502e-01
  -2.9351854689967299e-01   3.4826404364992197e-01  -8.9025783822806603e-01
   8.9025783817844595e-01   2.9351854676244399e-01   3.4826404389242199e-01
   3.4826404446275999e-01  -8.9025783732235297e-01  -2.9351854868230698e-01
   2.9351854790878501e-01   3.4826404668662497e-01   8.9025783670741998e-01
   3.4826404717878701e-01   8.9025783627050203e-01   2.9351854865002402e-01
   2.9351854893254498e-01  -3.4826404433618402e-01  -8.9025783728936503e-01
  -3.4826404690122398e-01   8.9025783662662705e-01  -2.9351854789921000e-01
  -2.9351854894620000e-01  -3.4826404708022801e-01   8.9025783621140797e-01
  -3.4826404378658898e-01  -8.9025783819276605e-01   2.9351854684458500e-01
  -8.9025783635721900e-01   2.9351854869205801e-01  -3.4826404692168800e-01
   8.9025783718644302e-01  -2.9351854881109701e-01  -3.4826404470163802e-01
   6.6197194652215396e-01   3.1389655564507998e-02   7.4887103799066201e-01
   3.1389654297210003e-02   7.4887104017275197e-01   6.6197194411370797e-01
  -6.6197194419600802e-01  -3.1389654112142000e-02   7.4887104010775896e-01
   7.4887103916432896e-01   6.6197194521869296e-01   3.1389655052549002e-02
  -3.1389655768972000e-02   7.4887103778318298e-01  -6.6197194674717497e-01
   7.4887103742293304e-01  -6.6197194717144303e-01  -3.1389655416215002e-02
  -3.1389655026768000e-02  -7.4887103904416097e-01   6.6197194535585802e-01
  -7.4887103776773500e-01  -6.6197194676112503e-01   3.1389655843331997e-02
   3.1389655538559998e-02  -7.4887103722217796e-01  -6.6197194739275100e-01
  -7.4887104023893103e-01   6.6197194404508697e-01  -3.1389654165497001e-02
   6.6197194707147999e-01  -3.1389655223358001e-02  -7.4887103751937900e-01
  -6.6197194555135097e-01   3.1389654961478997e-02  -7.4887103887409001e-01
  -1.2573254686295601e-01  -8.7769709066453905e-01  -4.6242744695612398e-01
  -8.7769709183170497e-01  -4.6242744538207903e-01  -1.2573254450448099e-01
   1.2573254440363801e-01   8.7769709197642398e-01  -4.6242744513481998e-01
  -4.6242744616775600e-01  -1.2573254789510099e-01  -8.7769709093204396e-01
   8.7769709079047797e-01  -4.6242744668730701e-01   1.2573254697249300e-01
  -4.6242744323293200e-01   1.2573254713152801e-01   8.7769709258768303e-01
   8.7769709111191996e-01   4.6242744586290502e-01  -1.2573254776064999e-01
   4.6242744667818098e-01   1.2573254736679601e-01  -8.7769709073880098e-01
  -8.7769709250851002e-01   4.6242744335722502e-01   1.2573254722707500e-01
   4.6242744494927401e-01  -1.2573254473426501e-01   8.7769709202681800e-01
  -1.2573254689594199e-01   8.7769709261679496e-01   4.6242744324173202e-01
   1.2573254788957300e-01  -8.7769709102193505e-01   4.6242744599864399e-01
