   1.1320938740575000e-01   8.2061267884083700e-01   5.6015932191554196e-01
   5.2572796503345898e-01   8.5065275334867396e-01  -1.4485103389999999e-06
   1.4485109550000000e-06   5.2572796503402797e-01  -8.5065275334832202e-01
  -5.2572796503436003e-01   8.5065275334811696e-01   1.4485094540000000e-06
  -1.4485107540000000e-06   5.2572796503471897e-01   8.5065275334789503e-01
   8.5065275334866097e-01   1.4485085329999999e-06  -5.2572796503347996e-01
  -8.5065275334833401e-01  -1.4485089219999999e-06  -5.2572796503400898e-01
  -8.5065275334867696e-01   1.4485095970000000e-06   5.2572796503345398e-01
   8.5065275334802304e-01  -1.4485096989999999e-06   5.2572796503451202e-01
  -1.4485098410000000e-06  -5.2572796503430297e-01  -8.5065275334815205e-01
   1.4485098160000000e-06  -5.2572796503358799e-01   8.5065275334859403e-01
   5.2572796503413799e-01  -8.5065275334825396e-01   1.4485107430000001e-06
  -5.2572796503307795e-01  -8.5065275334890900e-01  -1.4485103449999999e-06
   6.5015822012700997e-01   3.4882928897199200e-01  -6.7499067842198601e-01
  -1.1320938740583100e-01   8.2061267883923605e-01  -5.6015932191787099e-01
  -7.6336460327083500e-01   4.1879564261779501e-01  -4.9181774286569702e-01
  -1.4298756185014899e-01   9.7895280593001899e-01  -1.4562266622298900e-01
   2.5619388518675301e-01   9.0898588512704903e-01  -3.2879986896699198e-01
  -6.5015822012571600e-01   3.4882928897342802e-01   6.7499067842249005e-01
   7.6336460327018596e-01   4.1879564261828900e-01   4.9181774286628499e-01
   1.4298756184909600e-01   9.7895280593078504e-01   1.4562266621887501e-01
  -2.5619388518619701e-01   9.0898588512825795e-01   3.2879986896408397e-01
   9.7895280593029899e-01   1.4562266622138600e-01   1.4298756184986799e-01
   1.4562266622057701e-01  -1.4298756184965800e-01  -9.7895280593044998e-01
   3.4882928897492499e-01   6.7499067842180205e-01  -6.5015822012562796e-01
   6.7499067842327398e-01   6.5015822012543900e-01  -3.4882928897242799e-01
  -3.2879986896551100e-01  -2.5619388518718600e-01  -9.0898588512746303e-01
  -9.0898588512727496e-01   3.2879986896541602e-01   2.5619388518797498e-01
  -4.9181774286722801e-01   7.6336460326958100e-01  -4.1879564261828300e-01
  -4.1879564261777302e-01   4.9181774286563801e-01  -7.6336460327088496e-01
  -9.7895280593063505e-01   1.4562266622056699e-01  -1.4298756184840200e-01
  -1.4562266622133299e-01  -1.4298756184903799e-01   9.7895280593042799e-01
  -3.4882928897263199e-01   6.7499067842326799e-01   6.5015822012533497e-01
  -6.7499067842159000e-01   6.5015822012653302e-01   3.4882928897364801e-01
   3.2879986896517399e-01  -2.5619388518566499e-01   9.0898588512801404e-01
   9.0898588512785505e-01   3.2879986896475599e-01  -2.5619388518676400e-01
   4.9181774286583302e-01   7.6336460327078903e-01   4.1879564261771901e-01
   4.1879564261703800e-01   4.9181774286671498e-01   7.6336460327059397e-01
   8.2061267884055000e-01  -5.6015932191645401e-01  -1.1320938740332100e-01
   8.2061267883975997e-01   5.6015932191711004e-01   1.1320938740579800e-01
   4.9181774286757102e-01  -7.6336460326997801e-01  -4.1879564261715702e-01
  -5.6015932191605100e-01   1.1320938740563601e-01  -8.2061267884050604e-01
   3.2879986896627700e-01   2.5619388518688602e-01  -9.0898588512727097e-01
   5.6015932191642104e-01  -1.1320938740596800e-01  -8.2061267884020705e-01
  -6.7499067842236804e-01  -6.5015822012601898e-01  -3.4882928897310000e-01
  -1.4562266622006001e-01   1.4298756184947001e-01  -9.7895280593055400e-01
  -8.2061267883957201e-01  -5.6015932191755502e-01   1.1320938740496200e-01
  -8.2061267884066103e-01   5.6015932191609397e-01  -1.1320938740429499e-01
  -4.9181774286602398e-01  -7.6336460327058997e-01   4.1879564261785801e-01
   5.6015932191638496e-01   1.1320938740655800e-01   8.2061267884015099e-01
  -3.2879986896636298e-01   2.5619388518684899e-01   9.0898588512724998e-01
  -5.6015932191744700e-01  -1.1320938740582701e-01   8.2061267883952704e-01
   6.7499067842122396e-01  -6.5015822012627000e-01   3.4882928897484600e-01
   1.4562266621993100e-01   1.4298756185026601e-01   9.7895280593045697e-01
   3.4882928897195797e-01  -6.7499067842248694e-01   6.5015822012650804e-01
   4.1879564261856000e-01  -4.9181774286598401e-01  -7.6336460327023004e-01
   9.7895280593066802e-01  -1.4562266622105299e-01  -1.4298756184767999e-01
   9.0898588512695300e-01  -3.2879986896559099e-01   2.5619388518889302e-01
  -2.5619388518615199e-01  -9.0898588512731004e-01  -3.2879986896673902e-01
   7.6336460327114597e-01  -4.1879564261809998e-01  -4.9181774286495500e-01
   1.4298756185009101e-01  -9.7895280593017997e-01  -1.4562266622196601e-01
  -9.7895280593037104e-01  -1.4562266622199299e-01   1.4298756184875300e-01
  -6.5015822012619495e-01  -3.4882928897242299e-01  -6.7499067842254901e-01
  -3.4882928897373799e-01  -6.7499067842214400e-01  -6.5015822012590896e-01
  -4.1879564261789498e-01  -4.9181774286598401e-01   7.6336460327059497e-01
  -9.0898588512731404e-01  -3.2879986896544899e-01  -2.5619388518779501e-01
   2.5619388518595498e-01  -9.0898588512787504e-01   3.2879986896533298e-01
  -7.6336460327059596e-01  -4.1879564261835500e-01   4.9181774286558999e-01
  -1.4298756184906400e-01  -9.7895280593064404e-01   1.4562266621985201e-01
   6.5015822012484503e-01  -3.4882928897295801e-01   6.7499067842357197e-01
  -1.1320938740613901e-01  -8.2061267884013600e-01   5.6015932191649098e-01
   1.1320938740665300e-01  -8.2061267883956002e-01  -5.6015932191723095e-01
