   2.9414523268133502e-01  -5.4590971405485200e-01   7.8451333079265995e-01
  -2.9414709959642599e-01  -5.4591392524054005e-01  -7.8450970040368295e-01
  -6.0020767272171205e-01   2.6405923869308301e-01  -7.5499898547403099e-01
   6.0020809485908500e-01   2.6405539897710900e-01   7.5499999280574004e-01
  -3.6815684163037599e-01  -6.8453522731489402e-01   6.2918364769413104e-01
   3.8179107374364002e-02   7.2737363415299505e-01  -6.8517877382414705e-01
   3.6815688879636699e-01  -6.8453605202384105e-01  -6.2918272283287602e-01
  -3.8181240064278997e-02   7.2737545773672696e-01   6.8517671909474598e-01
   7.5092754429571096e-01   3.0329739448681697e-01  -5.8661615534821598e-01
  -7.5092843832431000e-01   3.0329580663121097e-01   5.8661583186591204e-01
  -2.0187101932470000e-01   9.6770778538182101e-01   1.5096268965614801e-01
   2.0187433020971501e-01   9.6770686629986102e-01  -1.5096415375340699e-01
   9.5823104719805596e-01  -5.0089392715239003e-02  -2.8157470220730901e-01
  -9.5823137147266202e-01  -5.0089047278212000e-02   2.8157366011113799e-01
   8.3139431951046805e-01   5.4452082747057995e-01   1.1081766076073400e-01
   5.0638297688138001e-01  -8.6227259987585503e-01   7.8895011303370000e-03
  -8.3139189436892502e-01   5.4452580484756796e-01  -1.1081139757605300e-01
  -5.0638776748797898e-01  -8.6226980700426803e-01  -7.8872598133630008e-03
  -7.7309393678654703e-01  -5.7963215285248604e-01  -2.5758946462048898e-01
   7.7309203786090996e-01  -5.7963608871921501e-01   2.5758630718723502e-01
  -9.0381053904813002e-01   1.8740468254414300e-01  -3.8471547209081303e-01
   9.0380999079196700e-01   1.8739858539717999e-01   3.8471973010980398e-01
   4.3586176010933497e-01  -8.0206427879791697e-01   4.0831044408730199e-01
  -4.3586520781456001e-01  -8.0206404291313504e-01  -4.0830722707614098e-01
  -1.1320367477079600e-01   9.4312965215178601e-01  -3.1255621454458399e-01
  -7.7618784354962000e-01  -5.9807101808553598e-01   1.9960833863323801e-01
   1.1320699299024400e-01   9.4313003418562003e-01   3.1255385992679402e-01
   7.7618386848785403e-01  -5.9807550442257296e-01  -1.9961035371170899e-01
  -9.7314598120886198e-01   2.2276765333678500e-01   5.7978201799148997e-02
   9.7314692112689805e-01   2.2276437272238100e-01  -5.7975030373808002e-02
   1.3475812334375201e-01   2.4957883582846299e-01  -9.5893203768535096e-01
  -1.3475696394398601e-01   2.4957974402419600e-01   9.5893196424012095e-01
   2.0685725507623801e-01   2.8736198619601799e-01   9.3521824453536195e-01
  -2.0685578223256601e-01   2.8735432941934902e-01  -9.3522092294864201e-01
   4.7269741073652199e-01   7.6458996285443004e-02  -8.7790157749602604e-01
   2.5273566965674299e-01  -1.3856644977812099e-01   9.5756149686536796e-01
  -4.7269806964985400e-01   7.6457839167411001e-02   8.7790132348638805e-01
  -2.5273588589725399e-01  -1.3857305080574400e-01  -9.5756048454920994e-01
  -7.9178179960034997e-02  -2.5483608181357098e-01   9.6373719821542803e-01
   7.9178714131590000e-02  -2.5483894145167901e-01  -9.6373639816510803e-01
  -4.6034250397287702e-01   8.3221823062989098e-01  -3.0902685262487301e-01
   4.6034636599324102e-01   8.3221766317499202e-01   3.0902262767695998e-01
   9.0816932063894995e-01  -1.3879393820694699e-01   3.9492369866493598e-01
  -9.0816861235350299e-01  -1.3878772833243899e-01  -3.9492750980431202e-01
   7.7271734070256803e-01   5.3239639707704500e-01  -3.4563273536650602e-01
   9.2716718442344997e-02  -9.3320894253130404e-01   3.4716664543254699e-01
  -7.7271324427208599e-01   5.3240001701090101e-01   3.4563631755546398e-01
  -9.2719826637972000e-02  -9.3320896621320704e-01  -3.4716575166266200e-01
  -7.1641160507311896e-01  -4.7256796132471801e-01   5.1325815536234498e-01
   7.1641154187262002e-01  -4.7256702935428602e-01  -5.1325910166207600e-01
   3.4987643086155501e-01  -8.8692183169980099e-01  -3.0158936914594398e-01
  -3.4987913321482300e-01  -8.8692048009495805e-01   3.0159020894083000e-01
  -7.6865895980892995e-01  -1.0701361258591900e-01   6.3064371100230898e-01
   7.6865865610258399e-01  -1.0701226442439800e-01  -6.3064430994129494e-01
  -6.4663904798195104e-01  -4.4751886785285200e-01  -6.1772550905778301e-01
  -4.0308473301112901e-01   7.7686272688093105e-01   4.8374270185344498e-01
   6.4663842253974102e-01  -4.4752240073657101e-01   6.1772360432016205e-01
   4.0308609323323802e-01   7.7686219403601897e-01  -4.8374242414688901e-01
   6.6630929523232096e-01   5.5053398999212599e-01   5.0293563102086802e-01
  -6.6630977547165005e-01   5.5053627170057395e-01  -5.0293249711362997e-01
   3.4022517374589999e-03  -7.0181984710218803e-01  -7.1234635318542605e-01
  -3.4014462644109998e-03  -7.0181863429757896e-01   7.1234755191268195e-01
  -4.0263762146822502e-01  -3.3439363946903400e-01   8.5209379745487202e-01
   4.0263802414037497e-01  -3.3439337551023501e-01  -8.5209371076848495e-01
  -6.2149489206058295e-01  -9.5990510677826005e-02  -7.7751522236057502e-01
  -3.9479999072020000e-01   5.0802475514387102e-01   7.6553498645609896e-01
   6.2149518505938495e-01  -9.5995439250069994e-02   7.7751437966843195e-01
   3.9480015813812702e-01   5.0802727175097495e-01  -7.6553323003731899e-01
   2.8479496081666800e-01   6.3604495660910898e-01   7.1717406775869197e-01
  -2.8479418064476603e-01   6.3604044846491203e-01  -7.1717837571097298e-01
  -2.2446324449999999e-06  -9.9999999999744205e-01   2.7940549500000000e-07
  -9.5695745253004705e-01  -2.8972382144609599e-01  -1.7103839740667998e-02
   9.5695630645872598e-01  -2.8972787715995202e-01   1.7099260956569998e-02
  -5.7427987029904104e-01   8.1420732600141998e-01   8.5258787552574003e-02
   5.7428519218288498e-01   8.1420336900622903e-01  -8.5260729168673999e-02
