  -5.3895316433783001e-02  -1.4060350667641000e-01  -9.8859797125869098e-01
  -1.4060201082605600e-01  -9.8859830276515304e-01  -5.3893137981829001e-02
   5.3892737412139999e-02   1.4060299248637700e-01  -9.8859818498624696e-01
  -9.8859809864721604e-01  -5.3895299659618000e-02  -1.4060261742126301e-01
   1.4060447851635599e-01  -9.8859788435191798e-01   5.3894375180116000e-02
  -9.8859806586327004e-01   5.3892813420616997e-02   1.4060380091950600e-01
   1.4060181241573000e-01   9.8859827661990496e-01  -5.3894135205651998e-02
   9.8859800250987495e-01   5.3895652551634997e-02  -1.4060315810648899e-01
  -1.4060484663569200e-01   9.8859785003535305e-01   5.3894044272357000e-02
   9.8859816736092798e-01  -5.3892450727800002e-02   1.4060322629714600e-01
  -5.3892835910884000e-02   1.4060275158421900e-01   9.8859821387883795e-01
   5.3896097450442999e-02  -1.4060379385224600e-01   9.8859788783608404e-01
  -7.1213782061948205e-01   4.8472595562713899e-01   5.0783902211693999e-01
   4.8472714230320102e-01   5.0783858915796198e-01  -7.1213732164282995e-01
   7.1213787842774900e-01  -4.8472689541216601e-01   5.0783804403816302e-01
   5.0783976073843495e-01  -7.1213796937679796e-01   4.8472496323690500e-01
  -4.8472764287046599e-01   5.0783839085338700e-01   7.1213712233858795e-01
   5.0783960781455495e-01   7.1213619197636402e-01  -4.8472773472554997e-01
  -4.8472676806728099e-01  -5.0783923687238097e-01  -7.1213711447440098e-01
  -5.0784011263274798e-01   7.1213625791253099e-01   4.8472710896699001e-01
   4.8472854912246000e-01  -5.0784009541142705e-01   7.1213528992611197e-01
  -5.0783886101540299e-01  -7.1213746617135298e-01  -4.8472664514922598e-01
  -7.1213667186890395e-01  -4.8472763293632698e-01  -5.0783903202434899e-01
   7.1213776585736399e-01   4.8472640155597102e-01  -5.0783867327556098e-01
  -7.0300544803952503e-01   2.6179011170951699e-01   6.6124827216248006e-01
   2.6179085361445997e-01   6.6124713603667595e-01  -7.0300624040409998e-01
   7.0300643394454498e-01  -2.6179056908557302e-01   6.6124704291998604e-01
   6.6124948758941304e-01  -7.0300443378584998e-01   2.6178976534649900e-01
  -2.6179171105173299e-01   6.6124723207339897e-01   7.0300583077231604e-01
   6.6124742335921505e-01   7.0300590895921899e-01  -2.6179101793075599e-01
  -2.6179104213515098e-01  -6.6124843861008498e-01  -7.0300494499933397e-01
  -6.6124904467490397e-01   7.0300442476340197e-01   2.6179090832113500e-01
   2.6179224626733999e-01  -6.6124891666299801e-01   7.0300404693451901e-01
  -6.6124725453094202e-01  -7.0300626052548298e-01  -2.6179050028079398e-01
  -7.0300546948428000e-01  -2.6179132680308098e-01  -6.6124776830313003e-01
   7.0300515846352696e-01   2.6179102535821802e-01  -6.6124821830804503e-01
   6.2800447246380994e-02   7.8621881999824395e-01  -6.1474878682777701e-01
   7.8622004310897697e-01  -6.1474744938830905e-01   6.2798226760692993e-02
  -6.2799502252198006e-02  -7.8621923956502104e-01  -6.1474834676855905e-01
  -6.1474770709614002e-01   6.2799571514380995e-02   7.8621973419499502e-01
  -7.8621853451912405e-01  -6.1474923483508903e-01  -6.2799635733611997e-02
  -6.1474933069654003e-01  -6.2799956628616996e-02  -7.8621843393270796e-01
  -7.8621953857128601e-01   6.1474794352810902e-01   6.2799706183350998e-02
   6.1474939515045401e-01  -6.2799770458141002e-02   7.8621839840629204e-01
   7.8621779845800199e-01   6.1475017905196705e-01  -6.2799607828601001e-02
   6.1474780021401898e-01   6.2800058129604999e-02  -7.8621962251710698e-01
   6.2800526363458994e-02  -7.8621890941580197e-01   6.1474866438691800e-01
  -6.2801412397756995e-02   7.8621871281095301e-01   6.1474882531545805e-01
   8.2954360773923197e-01   3.2146536822058502e-01   4.5663707678394100e-01
   3.2146359550204701e-01   4.5663738063247900e-01   8.2954412744350403e-01
  -8.2954344503852995e-01  -3.2146445974364601e-01   4.5663801190366599e-01
   4.5663500055653700e-01   8.2954515977477505e-01   3.2146431242203899e-01
  -3.2146420025778999e-01   4.5663745957386698e-01  -8.2954384963457095e-01
   4.5663706855853498e-01  -8.2954400011489704e-01  -3.2146436737474299e-01
  -3.2146295419543303e-01  -4.5663642110233699e-01   8.2954490415094095e-01
  -4.5663671303489900e-01  -8.2954419097173704e-01   3.2146437988326099e-01
   3.2146295510658901e-01  -4.5663668879951702e-01  -8.2954475643954995e-01
  -4.5663711239632299e-01   8.2954409857827105e-01  -3.2146405101707798e-01
   8.2954470197657804e-01  -3.2146229850675800e-01  -4.5663724997129002e-01
  -8.2954486144679496e-01   3.2146358939051201e-01  -4.5663605151519399e-01
  -2.4950042344846199e-01   9.5402509436238503e-01  -1.6608930737973701e-01
   9.5402547085540601e-01  -1.6608756701073801e-01  -2.4950014237185300e-01
   2.4950094348442201e-01  -9.5402502961266400e-01  -1.6608889810261199e-01
  -1.6608687740866199e-01  -2.4950013744968300e-01   9.5402559219615801e-01
  -9.5402485538349402e-01  -1.6608993700312200e-01   2.4950091810813499e-01
  -1.6609015199856700e-01   2.4950010711837900e-01  -9.5402503004743600e-01
  -9.5402559368889395e-01   1.6608786265857900e-01  -2.4949947587932800e-01
   1.6608969287449901e-01   2.4949968782253101e-01   9.5402521963379705e-01
   9.5402493141981703e-01   1.6609064791364800e-01   2.4950015411826401e-01
   1.6608795612207600e-01  -2.4950000235204800e-01  -9.5402543973288201e-01
  -2.4949975998253801e-01  -9.5402522593040895e-01   1.6608954830779499e-01
   2.4949837470817901e-01   9.5402572025711296e-01   1.6608878982602501e-01
   8.6078721576644401e-01   4.1863033304456898e-01  -2.8947195620309502e-01
   4.1863142551095900e-01  -2.8947393293910201e-01   8.6078601970723900e-01
  -8.6078677173642604e-01  -4.1863068713703400e-01  -2.8947276450601900e-01
  -2.8947444650367299e-01   8.6078665196426196e-01   4.1862977034791699e-01
  -4.1862988926230199e-01  -2.8947283822651498e-01  -8.6078713497897896e-01
  -2.8947239969317101e-01  -8.6078755603098600e-01  -4.1862932672960201e-01
  -4.1862925738844597e-01   2.8947259493354799e-01   8.6078752409687997e-01
   2.8947318515618897e-01  -8.6078781754482403e-01   4.1862824587209801e-01
   4.1862894242465198e-01   2.8947275631620900e-01  -8.6078762300297695e-01
   2.8947354276277198e-01   8.6078660316307798e-01  -4.1863049561079502e-01
   8.6078801226175805e-01  -4.1862867692768901e-01   2.8947198275519598e-01
  -8.6078783936110903e-01   4.1862847947440501e-01   2.8947278245282698e-01
  -1.6910412959425000e-01  -8.7891739169209404e-01   4.4599104468064898e-01
  -8.7891817506669800e-01   4.4598957441774201e-01  -1.6910393563754600e-01
   1.6910233348830800e-01   8.7891820614346206e-01   4.4599012065108301e-01
   4.4598946903457198e-01  -1.6910398259838799e-01  -8.7891821950601601e-01
   8.7891654017161103e-01   4.4599244317021902e-01   1.6910486701400301e-01
   4.4599022410801398e-01   1.6910419800571100e-01   8.7891779491425004e-01
   8.7891828531894700e-01  -4.4598896893456103e-01  -1.6910495947987300e-01
  -4.4599140487047900e-01   1.6910465114750800e-01  -8.7891710857278005e-01
  -8.7891750187067197e-01  -4.4599055768942503e-01   1.6910484131831899e-01
  -4.4598863814630002e-01  -1.6910423987874401e-01   8.7891859162236496e-01
  -1.6910368279186999e-01   8.7891808178591702e-01  -4.4598985411777198e-01
   1.6910421830670799e-01  -8.7891793654178196e-01  -4.4598993730353698e-01
   6.9915974943644899e-01   6.8260559346995298e-01   2.1266228751589999e-01
   6.8260360011059795e-01   2.1266243284056099e-01   6.9916165138999498e-01
  -6.9916127480124202e-01  -6.8260405682082403e-01   2.1266220498728999e-01
   2.1266084341253100e-01   6.9916210134724299e-01   6.8260363441661998e-01
  -6.8260476282029503e-01   2.1266198519538601e-01  -6.9916065237383496e-01
   2.1266259422309100e-01  -6.9916169967860597e-01  -6.8260350037252804e-01
  -6.8260256240276396e-01  -2.1266236815907300e-01   6.9916268419456995e-01
  -2.1266123054680400e-01  -6.9916095006059098e-01   6.8260469301982596e-01
   6.8260339522741698e-01  -2.1266176997579000e-01  -6.9916205304261703e-01
  -2.1266187679793799e-01   6.9916221298113301e-01  -6.8260319812912096e-01
   6.9916207761185201e-01  -6.8260264853212904e-01  -2.1266408593460501e-01
  -6.9916198280867004e-01   6.8260327058831105e-01  -2.1266240094852301e-01
  -8.9325437298122801e-01  -1.7234241504117601e-01  -4.1520442811666602e-01
  -1.7234169138316000e-01  -4.1520510518234699e-01  -8.9325419788641802e-01
   8.9325447951293901e-01   1.7234186572521301e-01  -4.1520442693740900e-01
  -4.1520376014435900e-01  -8.9325496114101399e-01  -1.7234097585586500e-01
   1.7234362111696599e-01  -4.1520589567025901e-01   8.9325345812985801e-01
  -4.1520633444977001e-01   8.9325370222595002e-01   1.7234129885903601e-01
   1.7234059956361100e-01   4.1520427785384700e-01  -8.9325479309876699e-01
   4.1520401346188102e-01   8.9325465298779805e-01  -1.7234196273918800e-01
  -1.7234119462920999e-01   4.1520432874904800e-01   8.9325465463205400e-01
   4.1520614277132500e-01  -8.9325401591486597e-01   1.7234013478271201e-01
  -8.9325441464336996e-01   1.7234027485868500e-01   4.1520522682375199e-01
   8.9325470538965901e-01  -1.7234055078662799e-01   4.1520448679391098e-01
  -3.0119107290242000e-02   5.3803100432758499e-01  -8.4238677444407295e-01
   5.3803271591330104e-01  -8.4238566918645996e-01  -3.0119444819523000e-02
   3.0118087641353000e-02  -5.3803159026241199e-01  -8.4238643666462798e-01
  -8.4238618320958703e-01  -3.0119347292783000e-02   5.3803191657767102e-01
  -5.3803030410554498e-01  -8.4238723363664503e-01   3.0118772718923999e-02
  -8.4238731272382295e-01   3.0117901022640999e-02  -5.3803022907632803e-01
  -5.3803172330868199e-01   8.4238632499993404e-01  -3.0118834084263999e-02
   8.4238710309814402e-01   3.0119789658303000e-02   5.3803045155907003e-01
   5.3802917303233100e-01   8.4238796874604505e-01   3.0118417588877001e-02
   8.4238633053240697e-01  -3.0117441179440999e-02  -5.3803179261912504e-01
  -3.0117059116644002e-02  -5.3803073913717903e-01   8.4238701704956598e-01
   3.0118346812524000e-02   5.3803071018182402e-01   8.4238698950454005e-01
   9.5190588105138396e-01  -3.0177412109773899e-01   5.2986540323701002e-02
  -3.0177440534349897e-01   5.2986798530194001e-02   9.5190577656672404e-01
  -9.5190569885543097e-01   3.0177459990000000e-01   5.2987086556529998e-02
   5.2987612958422997e-02   9.5190523806697702e-01  -3.0177596096047898e-01
   3.0177456239804701e-01   5.2986834212902997e-02  -9.5190572479083302e-01
   5.2986766829206000e-02  -9.5190525217364397e-01   3.0177606503037901e-01
   3.0177729364533601e-01  -5.2987994727858999e-02   9.5190479432284403e-01
  -5.2986574701186999e-02  -9.5190559184730095e-01  -3.0177502731550698e-01
  -3.0177694184140103e-01  -5.2986526316733999e-02  -9.5190498759158604e-01
  -5.2988794896112003e-02   9.5190524017644296e-01   3.0177574677247798e-01
   9.5190486181223999e-01   3.0177746205955602e-01  -5.2985823114432999e-02
  -9.5190501859434795e-01  -3.0177682432430403e-01  -5.2986638651951003e-02
   5.5360614630021898e-01   4.5440115669047998e-01   6.9788238520324797e-01
   4.5439961929855899e-01   6.9788273811623303e-01   5.5360696330584003e-01
  -5.5360581401888198e-01  -4.5440112819709699e-01   6.9788266734294102e-01
   6.9788096977228897e-01   5.5360789125326004e-01   4.5440120463287498e-01
  -4.5440079645434700e-01   6.9788226883423099e-01  -5.5360658867867696e-01
   6.9788252065325396e-01  -5.5360510354110304e-01  -4.5440221907458300e-01
  -4.5440018090089601e-01  -6.9788214103251800e-01   5.5360725503293595e-01
  -6.9788163539088399e-01  -5.5360704884770295e-01   4.5440120868048200e-01
   4.5440127181877499e-01  -6.9788172578063001e-01  -5.5360688307763095e-01
  -6.9788232191633004e-01   5.5360634314144397e-01  -4.5440101407262501e-01
   5.5360602948029203e-01  -4.5440030684599397e-01  -6.9788303121750395e-01
  -5.5360696081067196e-01   4.5440084271620301e-01  -6.9788194351249300e-01
