   8.8122888579730996e-01  -3.3025440718036497e-01   3.3818290520719202e-01
  -3.3025440718034199e-01   3.3818290520728900e-01   8.8122888579728198e-01
  -8.8122888579727399e-01   3.3025440718033000e-01   3.3818290520732203e-01
   3.3818290520722499e-01   8.8122888579729097e-01  -3.3025440718038401e-01
   3.3025440718033899e-01   3.3818290520726801e-01  -8.8122888579729097e-01
   3.3818290520724198e-01  -8.8122888579727399e-01   3.3025440718040999e-01
   3.3025440718045801e-01  -3.3818290520723099e-01   8.8122888579726100e-01
  -3.3818290520725902e-01  -8.8122888579728997e-01  -3.3025440718034998e-01
  -3.3025440718041599e-01  -3.3818290520730399e-01  -8.8122888579724801e-01
  -3.3818290520723798e-01   8.8122888579728598e-01   3.3025440718038401e-01
   8.8122888579725001e-01   3.3025440718037502e-01  -3.3818290520734001e-01
  -8.8122888579728298e-01  -3.3025440718040699e-01  -3.3818290520722299e-01
  -6.1130412035704995e-01   9.5856876039248001e-02   7.8556904963885199e-01
   9.5856876039091002e-02   7.8556904963885799e-01  -6.1130412035706805e-01
   6.1130412035716697e-01  -9.5856876039211003e-02   7.8556904963876595e-01
   7.8556904963884000e-01  -6.1130412035708304e-01   9.5856876039142003e-02
  -9.5856876039093000e-02   7.8556904963884899e-01   6.1130412035707904e-01
   7.8556904963881902e-01   6.1130412035709003e-01  -9.5856876039267999e-02
  -9.5856876039178002e-02  -7.8556904963883001e-01  -6.1130412035709003e-01
  -7.8556904963887497e-01   6.1130412035702197e-01   9.5856876039236996e-02
   9.5856876039181999e-02  -7.8556904963878804e-01   6.1130412035714299e-01
  -7.8556904963882201e-01  -6.1130412035711101e-01  -9.5856876039112998e-02
  -6.1130412035712600e-01  -9.5856876039227004e-02  -7.8556904963879604e-01
   6.1130412035703396e-01   9.5856876039185995e-02  -7.8556904963887297e-01
  -6.9989533855089903e-01   3.8788163125844100e-01   5.9974524192111200e-01
   3.8788163125826902e-01   5.9974524192112799e-01  -6.9989533855098096e-01
   6.9989533855098696e-01  -3.8788163125841502e-01   5.9974524192102596e-01
   5.9974524192110101e-01  -6.9989533855096897e-01   3.8788163125833103e-01
  -3.8788163125825997e-01   5.9974524192114798e-01   6.9989533855096797e-01
   5.9974524192104595e-01   6.9989533855095998e-01  -3.8788163125843300e-01
  -3.8788163125837100e-01  -5.9974524192114098e-01  -6.9989533855091302e-01
  -5.9974524192106704e-01   6.9989533855096997e-01   3.8788163125838299e-01
   3.8788163125837199e-01  -5.9974524192109302e-01   6.9989533855095298e-01
  -5.9974524192110801e-01  -6.9989533855098296e-01  -3.8788163125829600e-01
  -6.9989533855096397e-01  -3.8788163125841502e-01  -5.9974524192105305e-01
   6.9989533855089603e-01   3.8788163125838099e-01  -5.9974524192115397e-01
  -9.6783462853689195e-01  -2.5102342967196201e-01   1.6833584305811000e-02
  -2.5102342967201402e-01   1.6833584305759999e-02  -9.6783462853687996e-01
   9.6783462853689395e-01   2.5102342967196201e-01   1.6833584305715001e-02
   1.6833584305764000e-02  -9.6783462853690405e-01  -2.5102342967192098e-01
   2.5102342967204000e-01   1.6833584305847998e-02   9.6783462853687197e-01
   1.6833584305742000e-02   9.6783462853692104e-01   2.5102342967185598e-01
   2.5102342967183300e-01  -1.6833584305771001e-02  -9.6783462853692703e-01
  -1.6833584305798000e-02   9.6783462853690805e-01  -2.5102342967190200e-01
  -2.5102342967187902e-01  -1.6833584305776000e-02   9.6783462853691504e-01
  -1.6833584305760999e-02  -9.6783462853689795e-01   2.5102342967194602e-01
  -9.6783462853691804e-01   2.5102342967187102e-01  -1.6833584305731002e-02
   9.6783462853689906e-01  -2.5102342967193297e-01  -1.6833584305862001e-02
   4.9100995651419999e-01   2.5643857842408402e-01   8.3255539040940596e-01
   2.5643857842409201e-01   8.3255539040949000e-01   4.9100995651405299e-01
  -4.9100995651407098e-01  -2.5643857842402201e-01   8.3255539040950099e-01
   8.3255539040946303e-01   4.9100995651413198e-01   2.5643857842402901e-01
  -2.5643857842414602e-01   8.3255539040944404e-01  -4.9100995651410301e-01
   8.3255539040942905e-01  -4.9100995651413598e-01  -2.5643857842413198e-01
  -2.5643857842403400e-01  -8.3255539040944904e-01   4.9100995651415302e-01
  -8.3255539040943005e-01  -4.9100995651412599e-01   2.5643857842414802e-01
   2.5643857842407303e-01  -8.3255539040946203e-01  -4.9100995651411100e-01
  -8.3255539040949500e-01   4.9100995651407098e-01  -2.5643857842404200e-01
   4.9100995651404000e-01  -2.5643857842404799e-01  -8.3255539040951199e-01
  -4.9100995651416501e-01   2.5643857842407303e-01  -8.3255539040943005e-01
   9.6391874013581003e-01  -3.5455210803798001e-02  -2.6382492384505801e-01
  -3.5455210803687999e-02  -2.6382492384494699e-01   9.6391874013584500e-01
  -9.6391874013583001e-01   3.5455210803782000e-02  -2.6382492384498901e-01
  -2.6382492384507800e-01   9.6391874013580303e-01  -3.5455210803854997e-02
   3.5455210803730000e-02  -2.6382492384503697e-01  -9.6391874013581902e-01
  -2.6382492384501199e-01  -9.6391874013582102e-01   3.5455210803842001e-02
   3.5455210803832002e-02   2.6382492384500700e-01   9.6391874013582302e-01
   2.6382492384499701e-01  -9.6391874013582701e-01  -3.5455210803806002e-02
  -3.5455210803872997e-02   2.6382492384498701e-01  -9.6391874013582701e-01
   2.6382492384504302e-01   9.6391874013581402e-01   3.5455210803808999e-02
   9.6391874013584899e-01   3.5455210803822003e-02   2.6382492384491502e-01
  -9.6391874013581103e-01  -3.5455210803857003e-02   2.6382492384504802e-01
   7.3338127849462997e-01  -3.9994989913267398e-01  -5.4971990916952096e-01
  -3.9994989913267098e-01  -5.4971990916943203e-01   7.3338127849469803e-01
  -7.3338127849467405e-01   3.9994989913269202e-01  -5.4971990916944902e-01
  -5.4971990916953095e-01   7.3338127849462897e-01  -3.9994989913266199e-01
   3.9994989913272400e-01  -5.4971990916946400e-01  -7.3338127849464496e-01
  -5.4971990916943803e-01  -7.3338127849463197e-01   3.9994989913278400e-01
   3.9994989913274698e-01   5.4971990916948898e-01   7.3338127849461399e-01
   5.4971990916946201e-01  -7.3338127849466095e-01  -3.9994989913269702e-01
  -3.9994989913272699e-01   5.4971990916947200e-01  -7.3338127849463697e-01
   5.4971990916948998e-01   7.3338127849464396e-01   3.9994989913269002e-01
   7.3338127849470003e-01   3.9994989913267998e-01   5.4971990916942204e-01
  -7.3338127849462498e-01  -3.9994989913266799e-01   5.4971990916953195e-01
   5.6450534904120397e-01   8.2321275896236401e-01   6.0452166093876998e-02
   8.2321275896243296e-01   6.0452166093885998e-02   5.6450534904110095e-01
  -5.6450534904115501e-01  -8.2321275896238899e-01   6.0452166093992003e-02
   6.0452166094003001e-02   5.6450534904115701e-01   8.2321275896238699e-01
  -8.2321275896239898e-01   6.0452166093889002e-02  -5.6450534904115202e-01
   6.0452166093936999e-02  -5.6450534904117899e-01  -8.2321275896237700e-01
  -8.2321275896234702e-01  -6.0452166093880003e-02   5.6450534904122895e-01
  -6.0452166093908001e-02  -5.6450534904109995e-01   8.2321275896243296e-01
   8.2321275896235002e-01  -6.0452166093908001e-02  -5.6450534904122096e-01
  -6.0452166093949003e-02   5.6450534904115202e-01  -8.2321275896239399e-01
   5.6450534904115202e-01  -8.2321275896239798e-01  -6.0452166093897003e-02
  -5.6450534904124094e-01   8.2321275896234003e-01  -6.0452166093857999e-02
