   4.0056467558009301e-01  -6.6692767642771200e-01   6.2829564306315899e-01
   4.0056467558095998e-01  -6.6692767642724404e-01  -6.2829564306310304e-01
   3.7742584084823100e-01   6.8048331116585803e-01   6.2808613890513099e-01
  -7.7797378514095505e-01  -1.3430425095936000e-02   6.2815317663385095e-01
   3.7742584084885600e-01   6.8048331116565297e-01  -6.2808613890497700e-01
  -7.7797378514107596e-01  -1.3430425095703000e-02  -6.2815317663370596e-01
   5.7236971425194905e-01   2.0121064052420301e-01   7.9492590116751205e-01
   5.7236971425548799e-01   2.0121064052492901e-01  -7.9492590116478101e-01
  -4.6032482573292000e-01   3.9504688008220201e-01   7.9500881589531802e-01
  -1.1169603250213400e-01  -5.9628635760002402e-01   7.9496325453657202e-01
  -4.6032482573051497e-01   3.9504688008395999e-01  -7.9500881589583605e-01
  -1.1169603250093700e-01  -5.9628635760217097e-01  -7.9496325453512995e-01
  -8.5597371867902305e-01  -4.7017518899285199e-01   2.1504484319867101e-01
  -8.5597371867923300e-01  -4.7017518899112998e-01  -2.1504484320160100e-01
   8.3510795932838500e-01  -5.0631586377150695e-01   2.1503242164774600e-01
   2.0644771594158000e-02   9.7640155109920201e-01   2.1497396218355899e-01
   8.3510795933133997e-01  -5.0631586376650295e-01  -2.1503242164805300e-01
   2.0644771595408999e-02   9.7640155109856697e-01  -2.1497396218632200e-01
   9.1213147030116004e-01   3.4832161425414199e-01   2.1607460269460799e-01
   9.1213147030091002e-01   3.4832161425519997e-01  -2.1607460269395901e-01
  -7.5781112215053903e-01   6.1563258235418405e-01   2.1614538322356200e-01
  -1.5449013840613399e-01  -9.6406090088643603e-01   2.1614665511473199e-01
  -7.5781112215120805e-01   6.1563258235367502e-01  -2.1614538322266499e-01
  -1.5449013840764900e-01  -9.6406090088632201e-01  -2.1614665511416001e-01
  -8.1970640270310202e-01   2.9740920429840101e-01   4.8951933421074600e-01
  -8.1970640270234796e-01   2.9740920429720402e-01  -4.8951933421273602e-01
   1.5242497829452600e-01  -8.5865243347487097e-01   4.8936961948980301e-01
   6.6747284154005704e-01   5.6120929653240703e-01   4.8941202610075202e-01
   1.5242497829384499e-01  -8.5865243347529097e-01  -4.8936961948927998e-01
   6.6747284153989495e-01   5.6120929653523899e-01  -4.8941202609772499e-01
  -6.6174530147655994e-02   5.3871178940818698e-01   8.3988721832896496e-01
  -6.6174530144888000e-02   5.3871178940709097e-01  -8.3988721832988600e-01
  -4.3329009116538802e-01  -3.2681581326395698e-01   8.3991137693122597e-01
   4.9961175229441601e-01  -2.1193073610833599e-01   8.3992467523098902e-01
  -4.3329009116219203e-01  -3.2681581326384801e-01  -8.3991137693291695e-01
   4.9961175229298499e-01  -2.1193073610886201e-01  -8.3992467523170700e-01
   9.7668937219361995e-01  -9.6881218371288005e-02   1.9155129801420800e-01
   9.7668937219487495e-01  -9.6881218368498001e-02  -1.9155129800921700e-01
  -4.0470624684085199e-01   8.9415052508953796e-01   1.9159251616411099e-01
  -5.7220492735232298e-01  -7.9741494714365302e-01   1.9160094776803499e-01
  -4.0470624684012702e-01   8.9415052508961601e-01  -1.9159251616527800e-01
  -5.7220492735426098e-01  -7.9741494714242200e-01  -1.9160094776736400e-01
  -3.5874277417341199e-01  -7.5999743674906495e-01   5.4194789243359498e-01
  -3.5874277417519301e-01  -7.5999743674899400e-01  -5.4194789243251595e-01
   8.3762775802951905e-01   6.9220065266398997e-02   5.4183791076571697e-01
  -4.7871532017255702e-01   6.9074062215628995e-01   5.4194929203314701e-01
   8.3762775803061695e-01   6.9220065266590997e-02  -5.4183791076399601e-01
  -4.7871532017434498e-01   6.9074062215566401e-01  -5.4194929203236297e-01
   1.4914749627904800e-01  -3.5325415228772800e-01   9.2356187028545600e-01
   1.4914749627825100e-01  -3.5325415228758000e-01  -9.2356187028564196e-01
   2.3161353900280501e-01   3.0602997377885899e-01   9.2341801135753598e-01
  -3.8084819449121199e-01   4.7451821143327001e-02   9.2341917752609304e-01
   2.3161353900692400e-01   3.0602997377682800e-01  -9.2341801135717605e-01
  -3.8084819449190399e-01   4.7451821144104997e-02  -9.2341917752576697e-01
   4.2246909529178900e-01   8.8184325056571600e-01  -2.0945726283666699e-01
   4.2246909529185001e-01   8.8184325056528101e-01   2.0945726283837701e-01
  -9.7492022164710301e-01  -7.5029116697015993e-02  -2.0952611548737499e-01
   5.5234732819540400e-01  -8.0685509373520703e-01  -2.0951679347715599e-01
  -9.7492022164659997e-01  -7.5029116696763001e-02   2.0952611548980901e-01
   5.5234732819205701e-01  -8.0685509373861997e-01   2.0951679347283800e-01
  -7.0180405083219899e-01  -4.3343096239365903e-01  -5.6533943350346905e-01
  -7.0180405083365904e-01  -4.3343096239515799e-01   5.6533943350050697e-01
   7.2626709512002896e-01  -3.9112895987099700e-01  -5.6529129066008599e-01
  -2.4355070524273999e-02   8.2457519116547195e-01  -5.6522790505616705e-01
   7.2626709511933796e-01  -3.9112895987390800e-01   5.6529129065896100e-01
  -2.4355070523252000e-02   8.2457519116684697e-01   5.6522790505420495e-01
  -9.5405543740155596e-01   2.9963014261673598e-01  -1.2919999999999999e-12
   2.1731941757896900e-01  -9.7610054335767005e-01  -1.5030000000000000e-12
   7.3655344989243599e-01   6.7637934286282797e-01   2.0739999999999998e-12
  -8.6950523674999997e-05   1.9449292399999999e-04  -9.9999997730605406e-01
  -8.6950523797999995e-05   1.9449292254499999e-04   9.9999997730605505e-01
