   2.7679012928692198e-01  -2.3525646691660301e-01   9.3168751150975904e-01
   1.9888678063450099e-01   3.6054860313952802e-01   9.1128960998300601e-01
  -2.5887133906237297e-01   2.0423007744140900e-01   9.4407399354093502e-01
  -2.0028291392731001e-01  -2.2834616195035401e-01   9.5275641415386403e-01
  -8.8354516666752503e-01  -4.1427769663904102e-01  -2.1845349282148299e-01
   3.9775005790855900e-01  -9.0161953599868905e-01  -1.6993264471326999e-01
   8.7653948706928198e-01   4.3439210419232699e-01  -2.0732107327448299e-01
  -4.1174235751762500e-01   8.8489597883978999e-01  -2.1777818453416600e-01
   5.0111409386720396e-01   3.7786893275205902e-01   7.7852407450795702e-01
  -3.9423884779038598e-01   4.7368713388095202e-01   7.8752538377410897e-01
  -4.9536429200213600e-01  -4.0642980874061202e-01   7.6774281421338797e-01
   3.7018658380217201e-01  -5.5930627096825203e-01   7.4171314430072299e-01
   4.1174235751796101e-01  -8.8489597883925297e-01   2.1777818453571501e-01
   8.8354516666839700e-01   4.1427769663915698e-01   2.1845349281773699e-01
  -3.9775005791058998e-01   9.0161953599721800e-01   1.6993264471632399e-01
  -8.7653948706987805e-01  -4.3439210419127799e-01   2.0732107327415999e-01
  -6.9101430131565000e-01  -7.0281522688798703e-01  -1.6896742949939200e-01
   6.8440034446012699e-01  -7.1444104425165400e-01  -1.4549970031400400e-01
   6.6071048948276501e-01   7.3135771503506297e-01  -1.6904893299319099e-01
  -7.7361128795630896e-01   6.1522235785777801e-01  -1.5174658328442800e-01
   6.8362978468602198e-01  -2.1996733132084001e-01  -6.9589129225887802e-01
   2.5657409950352600e-01   6.8147279107141800e-01  -6.8539373099940604e-01
  -6.4447450963789199e-01   3.5406222798553399e-01  -6.7771125499058804e-01
  -2.2053508041614100e-01  -7.3154775414085904e-01  -6.4513732004691204e-01
   3.9423884779204099e-01  -4.7368713388252198e-01  -7.8752538377233605e-01
   4.9536429200096799e-01   4.0642980874128498e-01  -7.6774281421378499e-01
  -3.7018658380243902e-01   5.5930627097000296e-01  -7.4171314429927004e-01
  -5.0111409386464001e-01  -3.7786893275223898e-01  -7.7852407450951999e-01
  -4.8857487396853400e-01  -6.8845579784439998e-03  -8.7249481109521398e-01
   5.5542048727443998e-02  -5.8413172024999105e-01  -8.0975626840484904e-01
   5.2681210746479101e-01   4.9707819617670998e-02  -8.4852703910798399e-01
   4.2458641081249996e-03   4.8865462239430002e-01  -8.7246698083690200e-01
  -7.1031736151461300e-01  -4.7953091462540098e-01   5.1526628829125298e-01
   5.2140438447656201e-01  -7.2803916545172298e-01   4.4508026401647599e-01
   7.3809935538885196e-01   4.0780327320593102e-01   5.3749961110413003e-01
  -4.9605799126255401e-01   6.9967011370336496e-01   5.1418693224826395e-01
  -9.7322080930732702e-01   1.9426075178957100e-01  -1.2289839968585201e-01
  -3.7620357266660498e-01  -9.0886596400353503e-01  -1.8009311866033900e-01
   9.1447790037076204e-01  -3.6865798853404902e-01  -1.6679765353119300e-01
   2.8746218785413002e-01   9.4681791434055296e-01  -1.4457291460686100e-01
  -9.8900669929333995e-02   9.9509705928004000e-01   7.0717730831100002e-04
  -9.8606820142520202e-01  -1.6132856177977900e-01   4.0528968555030000e-02
   9.8900669927370996e-02  -9.9509705928023595e-01  -7.0717730752199997e-04
   9.8606820142537999e-01   1.6132856177787200e-01  -4.0528968558296997e-02
   8.1523244084826496e-01   1.3183238117492799e-01  -5.6392933126618705e-01
  -1.1364456708033900e-01   7.8725160561558105e-01  -6.0606915597876398e-01
  -7.6050444170530995e-01  -1.0569874890521001e-02  -6.4924669571072402e-01
   1.7984822791224100e-01  -8.3248278540524001e-01  -5.2404868754797995e-01
  -9.2768989180951000e-01  -4.7241289482187997e-02  -3.7035081369226103e-01
  -6.2273759773744997e-02  -9.4443468568640898e-01  -3.2274619024251300e-01
   9.3984026074089599e-01  -4.4569841802216001e-02  -3.3869427732426999e-01
  -8.2427387815499995e-03   9.3408705946015003e-01  -3.5695016823986597e-01
  -2.8746218785412297e-01  -9.4681791433957996e-01   1.4457291461324301e-01
   9.7322080930700305e-01  -1.9426075179493399e-01   1.2289839967993200e-01
   3.7620357266409699e-01   9.0886596400333097e-01   1.8009311866661101e-01
  -9.1447790037290599e-01   3.6865798853195703e-01   1.6679765352406001e-01
  -1.9888678063098700e-01  -3.6054860314006498e-01  -9.1128960998356001e-01
   2.5887133906411203e-01  -2.0423007744425400e-01  -9.4407399353984300e-01
   2.0028291392452699e-01   2.2834616195135199e-01  -9.5275641415420897e-01
  -2.7679012928440100e-01   2.3525646692076599e-01  -9.3168751150945595e-01
   4.9605799125859501e-01  -6.9967011370776999e-01  -5.1418693224608902e-01
   7.1031736151283598e-01   4.7953091462876102e-01  -5.1526628829057597e-01
  -5.2140438447669502e-01   7.2803916545245295e-01  -4.4508026401512601e-01
  -7.3809935538449900e-01  -4.0780327320913101e-01  -5.3749961110767897e-01
  -8.1523244084944602e-01  -1.3183238117071200e-01   5.6392933126546596e-01
   1.1364456708018300e-01  -7.8725160561371699e-01   6.0606915598121502e-01
   7.6050444170993503e-01   1.0569874889864000e-02   6.4924669570531701e-01
  -1.7984822791683899e-01   8.3248278540246801e-01   5.2404868755080602e-01
   6.4447450963873398e-01  -3.5406222798580400e-01   6.7771125498964702e-01
   2.2053508041351799e-01   7.3154775414237005e-01   6.4513732004609503e-01
  -6.8362978468534297e-01   2.1996733132531199e-01   6.9589129225813195e-01
  -2.5657409950094301e-01  -6.8147279106937897e-01   6.8539373100239998e-01
   8.2427387834700001e-03  -9.3408705945945802e-01   3.5695016824163400e-01
   9.2768989181260197e-01   4.7241289479133003e-02   3.7035081368490702e-01
   6.2273759768788003e-02   9.4443468568601596e-01   3.2274619024461698e-01
  -9.3984026074193106e-01   4.4569841801959997e-02   3.3869427732143298e-01
  -6.8440034446071596e-01   7.1444104425130495e-01   1.4549970031295301e-01
  -6.6071048948267097e-01  -7.3135771503424596e-01   1.6904893299709600e-01
   7.7361128795574297e-01  -6.1522235785887702e-01   1.5174658328285501e-01
   6.9101430131343100e-01   7.0281522688931897e-01   1.6896742950292601e-01
   8.2358602357809796e-01  -3.9463458890443798e-01   4.0739367079894800e-01
   4.9406862035830301e-01   7.0883960841662896e-01   5.0343083727261195e-01
  -7.5887513050105004e-01   4.5060588727402101e-01   4.7017323473482198e-01
  -4.3149907260135700e-01  -7.8793504871144704e-01   4.3927998970617599e-01
   4.8857487397461802e-01   6.8845579791459999e-03   8.7249481109180105e-01
  -5.5542048725634001e-02   5.8413172024744398e-01   8.0975626840681003e-01
  -5.2681210746758000e-01  -4.9707819615904002e-02   8.4852703910635596e-01
  -4.2458641062370003e-03  -4.8865462238923502e-01   8.7246698083974805e-01
  -4.9406862035774002e-01  -7.0883960842021398e-01  -5.0343083726811799e-01
   7.5887513049651800e-01  -4.5060588727587803e-01  -4.7017323474035799e-01
   4.3149907260122600e-01   7.8793504871421505e-01  -4.3927998970134002e-01
  -8.2358602357775401e-01   3.9463458890344399e-01  -4.0739367080060501e-01
  -5.2238147878740003e-02  -5.6184830047505997e-02  -9.9705287762421702e-01
   5.2238147881538001e-02   5.6184830047690003e-02   9.9705287762406003e-01
