   2.0136375310776999e-01   9.2318112917702000e-01  -3.2739768121627799e-01
   3.9394272355197502e-01   3.3191269546278997e-02  -9.1853550295367403e-01
  -2.6085293978751800e-01  -5.3071531544759398e-01  -8.0640994398232202e-01
   9.4047232522878599e-01  -3.2812283479823201e-01   8.8584483758347002e-02
  -7.6707020903327205e-01   6.4156316307338901e-01   4.6913970325999999e-05
  -8.0278332823176202e-01  -2.2221291458293299e-01   5.5331758376694795e-01
  -4.7228385324053201e-01  -4.2120253853544298e-01   7.7429734824521701e-01
  -4.6501133710809101e-01   8.5636205771770801e-01   2.2451833435699101e-01
  -2.3161262946626801e-01  -8.1983384552296101e-01   5.2366788674383702e-01
  -6.1273223456216996e-01  -3.5568345011138203e-01  -7.0572550757735397e-01
  -5.8434695692402705e-01  -6.6815565275034705e-01   4.6055038555123001e-01
  -4.4028369991615003e-02  -5.9586685721697996e-01   8.0187542118850397e-01
   7.8553849633614603e-01   5.4251103923853905e-01  -2.9767607071826802e-01
  -1.8853535152348799e-01   2.2501646154728000e-01   9.5594038164451300e-01
  -7.2509267594651997e-02   8.0870592754141502e-01  -5.8372693005571197e-01
   4.3515429131445002e-02  -9.8405939845735801e-01   1.7243406779186099e-01
  -4.7189746073009298e-01  -7.3626989367590101e-01  -4.8499425792783102e-01
   9.5569013099997202e-01   2.3233531109973399e-01  -1.8076691269545500e-01
   1.8106700000000000e-10   9.7146999999999996e-11  -1.0000000000000000e+00
  -9.2318112914728900e-01   2.0136375325004399e-01  -3.2739768121260698e-01
  -3.3191269596568998e-02   3.9394272340163500e-01  -9.1853550301633502e-01
   5.3071531543322104e-01  -2.6085294001731602e-01  -8.0640994391744703e-01
   3.2812283470784998e-01   9.4047232526167202e-01   8.8584483743990999e-02
  -6.4156316312218498e-01  -7.6707020899245304e-01   4.6914088765000001e-05
   2.2221291457692599e-01  -8.0278332814156605e-01   5.5331758390022101e-01
   4.2120253858939199e-01  -4.7228385310421600e-01   7.7429734829901598e-01
  -8.5636205775508900e-01  -4.6501133702945102e-01   2.2451833437728699e-01
   8.1983384555326999e-01  -2.3161262939445901e-01   5.2366788672814601e-01
   3.5568344992920697e-01  -6.1273223464855697e-01  -7.0572550759416597e-01
   6.6815565277933797e-01  -5.8434695685723703e-01   4.6055038559391598e-01
   5.9586685730905598e-01  -4.4028369874254999e-02   8.0187542112652699e-01
  -5.4251103919400101e-01   7.8553849638593998e-01  -2.9767607066803597e-01
  -2.2501646154087901e-01  -1.8853535147946601e-01   9.5594038165470097e-01
  -8.0870592753592097e-01  -7.2509267561729998e-02  -5.8372693006741305e-01
   9.8405939848499602e-01   4.3515429026140001e-02   1.7243406766071301e-01
   7.3626989365113904e-01  -4.7189746082900702e-01  -4.8499425786917899e-01
  -2.3233531104854399e-01   9.5569013101462397e-01  -1.8076691268378500e-01
  -2.0136375326490399e-01  -9.2318112919001005e-01  -3.2739768108300499e-01
  -3.9394272329546598e-01  -3.3191269721536999e-02  -9.1853550305735299e-01
   2.6085293989237601e-01   5.3071531541362804e-01  -8.0640994397075605e-01
  -9.4047232524418001e-01   3.2812283474280701e-01   8.8584483800205005e-02
   7.6707020895822797e-01  -6.4156316316310102e-01   4.6914149338000000e-05
   8.0278332828851895e-01   2.2221291466556500e-01   5.5331758365141703e-01
   4.7228385328100397e-01   4.2120253854709200e-01   7.7429734821419405e-01
   4.6501133702384700e-01  -8.5636205771892504e-01   2.2451833452683401e-01
   2.3161262945976299e-01   8.1983384551156502e-01   5.2366788676455300e-01
   6.1273223457695603e-01   3.5568344997686901e-01  -7.0572550763231101e-01
   5.8434695689572902e-01   6.6815565281257105e-01   4.6055038549686100e-01
   4.4028369991488001e-02   5.9586685725112498e-01   8.0187542116313804e-01
  -7.8553849640341500e-01  -5.4251103921392396e-01  -2.9767607058561302e-01
   1.8853535150487499e-01  -2.2501646146928200e-01   9.5594038166654305e-01
   7.2509267490543997e-02  -8.0870592762152105e-01  -5.8372692995766395e-01
  -4.3515429092740997e-02   9.8405939845752799e-01   1.7243406780065801e-01
   4.7189746069495297e-01   7.3626989369365203e-01  -4.8499425793507500e-01
  -9.5569013101504896e-01  -2.3233531096445501e-01  -1.8076691278961701e-01
   9.2318112915618100e-01  -2.0136375324665001e-01  -3.2739768118962098e-01
   3.3191269606385000e-02  -3.9394272330518498e-01  -9.1853550305734499e-01
  -5.3071531534541505e-01   2.6085293970462797e-01  -8.0640994407638000e-01
  -3.2812283474743098e-01  -9.4047232523775304e-01   8.8584483851319007e-02
   6.4156316304571404e-01   7.6707020905641399e-01   4.6914039313999998e-05
  -2.2221291461701101e-01   8.0278332822113296e-01   5.5331758376868301e-01
  -4.2120253855815798e-01   4.7228385326212102e-01   7.7429734821969198e-01
   8.5636205772881901e-01   4.6501133711082099e-01   2.2451833430895801e-01
  -8.1983384552746197e-01   2.3161262946293601e-01   5.2366788673826203e-01
  -3.5568345009152202e-01   6.1273223450942405e-01  -7.0572550763315900e-01
  -6.6815565279557498e-01   5.8434695692524097e-01   4.6055038548407601e-01
  -5.9586685726781796e-01   4.4028370008056997e-02   8.0187542114982402e-01
   5.4251103918162302e-01  -7.8553849642495499e-01  -2.9767607058763801e-01
   2.2501646152920901e-01   1.8853535153974299e-01   9.5594038164555994e-01
   8.0870592763440596e-01   7.2509267493583995e-02  -5.8372692993943498e-01
  -9.8405939847390600e-01  -4.3515429095046000e-02   1.7243406770661299e-01
  -7.3626989364426498e-01   4.7189746068031302e-01  -4.8499425802429302e-01
   2.3233531102611399e-01  -9.5569013102420297e-01  -1.8076691266196901e-01
