   8.4578692642252096e-01  -6.3441798167027996e-02  -5.2973541824016102e-01
  -6.3441798389243007e-02  -5.2973541835781801e-01   8.4578692633216201e-01
  -8.4578692645594999e-01   6.3441798453151996e-02  -5.2973541815252201e-01
  -5.2973541832779603e-01   8.4578692636370301e-01  -6.3441798219428996e-02
   6.3441798639578995e-02  -5.2973541824898895e-01  -8.4578692638154696e-01
  -5.2973541834628102e-01  -8.4578692635253405e-01   6.3441798213982006e-02
   6.3441798403613997e-02   5.2973541830284898e-01   8.4578692636551300e-01
   5.2973541846804595e-01  -8.4578692625483098e-01  -6.3441798499800001e-02
  -6.3441798489554002e-02   5.2973541827332304e-01  -8.4578692637755903e-01
   5.2973541844043004e-01   8.4578692626416596e-01   6.3441798605952004e-02
   8.4578692634613895e-01   6.3441798343468997e-02   5.2973541834098403e-01
  -8.4578692641511899e-01  -6.3441798647123002e-02   5.2973541819448300e-01
   9.2991782555940505e-01  -1.9616259603722799e-01   3.1108370838538502e-01
  -1.9616259603478300e-01   3.1108370840317501e-01   9.2991782555396996e-01
  -9.2991782549137303e-01   1.9616259597041599e-01   3.1108370863088303e-01
   3.1108370841225103e-01   9.2991782561599601e-01  -1.9616259572635300e-01
   1.9616259611934000e-01   3.1108370870080798e-01  -9.2991782543656598e-01
   3.1108370842496602e-01  -9.2991782559479097e-01   1.9616259580671300e-01
   1.9616259606288700e-01  -3.1108370852838901e-01   9.2991782550615398e-01
  -3.1108370845161898e-01  -9.2991782550802604e-01  -1.9616259617575599e-01
  -1.9616259592598201e-01  -3.1108370857125800e-01  -9.2991782552069202e-01
  -3.1108370855080297e-01   9.2991782546326096e-01   1.9616259623067600e-01
   9.2991782550676005e-01   1.9616259626883700e-01  -3.1108370839670801e-01
  -9.2991782540570800e-01  -1.9616259622898799e-01  -3.1108370872391100e-01
  -8.4258424373193197e-01  -4.9579972454671600e-01  -2.1031981683638201e-01
  -4.9579972424323399e-01  -2.1031981647641701e-01  -8.4258424400036103e-01
   8.4258424361240902e-01   4.9579972476922302e-01  -2.1031981679068401e-01
  -2.1031981665590499e-01  -8.4258424373479801e-01  -4.9579972461840399e-01
   4.9579972451155702e-01  -2.1031981683353301e-01   8.4258424375333196e-01
  -2.1031981685353199e-01   8.4258424365869200e-01   4.9579972466390798e-01
   4.9579972444297599e-01   2.1031981681099399e-01  -8.4258424379931296e-01
   2.1031981660863100e-01   8.4258424398285403e-01  -4.9579972421690000e-01
  -4.9579972445948300e-01   2.1031981651051199e-01   8.4258424386460296e-01
   2.1031981677138001e-01  -8.4258424387866804e-01   4.9579972432491998e-01
  -8.4258424389127995e-01   4.9579972432330899e-01   2.1031981672465200e-01
   8.4258424371529905e-01  -4.9579972458033200e-01   2.1031981682377099e-01
   8.9672102272650700e-01   3.1107830085804000e-01   3.1483598608736302e-01
   3.1107830088315902e-01   3.1483598594776402e-01   8.9672102276680599e-01
  -8.9672102277188004e-01  -3.1107830103560602e-01   3.1483598578268401e-01
   3.1483598598547502e-01   8.9672102271374499e-01   3.1107830099794598e-01
  -3.1107830103826800e-01   3.1483598587141298e-01  -8.9672102273980403e-01
   3.1483598605740498e-01  -8.9672102269016396e-01  -3.1107830099312400e-01
  -3.1107830098029499e-01  -3.1483598602527602e-01   8.9672102270589504e-01
  -3.1483598603881202e-01  -8.9672102275652299e-01   3.1107830082065102e-01
   3.1107830103974599e-01  -3.1483598579464600e-01  -8.9672102276624399e-01
  -3.1483598601850599e-01   8.9672102274211796e-01  -3.1107830088272698e-01
   8.9672102276566301e-01  -3.1107830078211801e-01  -3.1483598605085400e-01
  -8.9672102277553500e-01   3.1107830097907202e-01  -3.1483598582813199e-01
  -9.8688978313704301e-01  -1.5562097571046801e-01   4.2786304568667999e-02
  -1.5562097556447599e-01   4.2786304856345998e-02  -9.8688978314759201e-01
   9.8688978311775799e-01   1.5562097579224399e-01   4.2786304716046997e-02
   4.2786304826931999e-02  -9.8688978310638198e-01  -1.5562097583390100e-01
   1.5562097568981501e-01   4.2786304724620999e-02   9.8688978313353803e-01
   4.2786304715289998e-02   9.8688978310540398e-01   1.5562097587079601e-01
   1.5562097570562100e-01  -4.2786304661198003e-02  -9.8688978313379605e-01
  -4.2786304938831003e-02   9.8688978315285003e-01  -1.5562097550845300e-01
  -1.5562097568389999e-01  -4.2786304896628997e-02   9.8688978312701303e-01
  -4.2786304873371997e-02  -9.8688978314717402e-01   1.5562097556244400e-01
  -9.8688978315824005e-01   1.5562097553790200e-01  -4.2786304707386001e-02
   9.8688978314330100e-01  -1.5562097562250801e-01  -4.2786304744251998e-02
  -6.6212134463503203e-01   3.9666796457051501e-01  -6.3580645707808203e-01
   3.9666796458174403e-01  -6.3580645715978701e-01  -6.6212134454984695e-01
   6.6212134462040195e-01  -3.9666796431880103e-01  -6.3580645725035601e-01
  -6.3580645718882400e-01  -6.6212134463844596e-01   3.9666796438731000e-01
  -3.9666796426734902e-01  -6.3580645735625196e-01   6.6212134454953897e-01
  -6.3580645718055695e-01   6.6212134467082495e-01  -3.9666796434651402e-01
  -3.9666796438251500e-01   6.3580645722295104e-01  -6.6212134460854799e-01
   6.3580645729345298e-01   6.6212134444450499e-01   3.9666796454333297e-01
   3.9666796439342600e-01   6.3580645726069596e-01   6.6212134456576699e-01
   6.3580645736720198e-01  -6.6212134446852799e-01  -3.9666796438502200e-01
  -6.6212134454495597e-01  -3.9666796463550302e-01   6.3580645713133999e-01
   6.6212134448764004e-01   3.9666796434037299e-01   6.3580645737515495e-01
   5.8132523238108003e-01  -1.0635914797697001e-01  -8.0668996884720001e-01
  -1.0635914801004701e-01  -8.0668996902239298e-01   5.8132523213191700e-01
  -5.8132523243869205e-01   1.0635914826575101e-01  -8.0668996876760801e-01
  -8.0668996891025202e-01   5.8132523227868405e-01  -1.0635914805841200e-01
   1.0635914820838800e-01  -8.0668996885112698e-01  -5.8132523233329103e-01
  -8.0668996888139399e-01  -5.8132523232649203e-01   1.0635914801598199e-01
   1.0635914801801200e-01   8.0668996890114597e-01   5.8132523229871202e-01
   8.0668996906394297e-01  -5.8132523206689601e-01  -1.0635914805029301e-01
  -1.0635914814046300e-01   8.0668996894277700e-01  -5.8132523221853705e-01
   8.0668996898978296e-01   5.8132523215337095e-01   1.0635914814012000e-01
   5.8132523222267496e-01   1.0635914799276000e-01   8.0668996895926903e-01
  -5.8132523236639599e-01  -1.0635914829323800e-01   8.0668996881608301e-01
   7.3607768060791301e-01   2.9105698673808200e-01  -6.1112640147666897e-01
   2.9105698649883299e-01  -6.1112640159281095e-01   7.3607768060609002e-01
  -7.3607768045389099e-01  -2.9105698644010902e-01  -6.1112640180409605e-01
  -6.1112640161799703e-01   7.3607768052040001e-01   2.9105698666265800e-01
  -2.9105698648178202e-01  -6.1112640147540798e-01  -7.3607768071030499e-01
  -6.1112640142075703e-01  -7.3607768062858703e-01  -2.9105698680319397e-01
  -2.9105698667997099e-01   6.1112640133160701e-01   7.3607768075132896e-01
   6.1112640139476904e-01  -7.3607768075215496e-01   2.9105698654526202e-01
   2.9105698638899602e-01   6.1112640176454103e-01  -7.3607768050694300e-01
   6.1112640129139695e-01   7.3607768082783098e-01  -2.9105698657092599e-01
   7.3607768069517099e-01  -2.9105698662592100e-01   6.1112640142498798e-01
  -7.3607768061820900e-01   2.9105698637262500e-01   6.1112640163832199e-01
  -5.7735026917669297e-01  -5.7735026903512798e-01  -5.7735026935705602e-01
   5.7735026904436104e-01   5.7735026926627298e-01  -5.7735026925824295e-01
   5.7735026913433496e-01  -5.7735026922473398e-01   5.7735026920980803e-01
  -5.7735026931391098e-01   5.7735026903942099e-01   5.7735026921554500e-01
