   3.6401238398108599e-01   8.2295316359957105e-01  -4.3616863118507798e-01
   7.6858873206888301e-01   5.5322678206513098e-01  -3.2126544872209101e-01
   1.1014854511412100e-01   9.8246960761423696e-01   1.5040202167381400e-01
  -2.3048509191401301e-01   5.6173295349202002e-01   7.9456447904907102e-01
  -8.6762751738033905e-01  -4.9185404164879698e-01   7.2815470871057997e-02
   1.1442069708782900e-01   4.0314997334891101e-01   9.0795264362559602e-01
  -8.4693902147339095e-01  -4.7710308713303999e-02  -5.2954510700050605e-01
  -6.2525787843520897e-01   4.0811609197713100e-01   6.6520210532139401e-01
  -8.5000000000000004e-14   1.7999999999999999e-14   1.0000000000000000e+00
   1.1399999999999999e-13   6.4000000000000005e-14  -1.0000000000000000e+00
  -3.6401238398096503e-01   8.2295316359961501e-01   4.3616863118509502e-01
  -7.6858873206876699e-01   5.5322678206530496e-01   3.2126544872206902e-01
  -1.1014854511404200e-01   9.8246960761423696e-01  -1.5040202167387101e-01
   2.3048509191416999e-01   5.6173295349199404e-01  -7.9456447904904304e-01
   8.6762751738026200e-01  -4.9185404164896002e-01  -7.2815470870868995e-02
  -1.1442069708770000e-01   4.0314997334893399e-01  -9.0795264362560202e-01
   8.4693902147334998e-01  -4.7710308713407000e-02   5.2954510700056101e-01
   6.2525787843531200e-01   4.0811609197700899e-01  -6.6520210532137203e-01
   8.2295316359957704e-01   3.6401238398088298e-01   4.3616863118523502e-01
   5.5322678206518805e-01   7.6858873206877398e-01   3.2126544872225299e-01
   9.8246960761424695e-01   1.1014854511408700e-01  -1.5040202167377401e-01
   5.6173295349198105e-01  -2.3048509191408800e-01  -7.9456447904907601e-01
  -4.9185404164875601e-01  -8.6762751738036903e-01  -7.2815470870972995e-02
   4.0314997334906300e-01   1.1442069708786100e-01  -9.0795264362552397e-01
  -4.7710308713352002e-02  -8.4693902147334899e-01   5.2954510700056800e-01
   4.0811609197699500e-01  -6.2525787843521297e-01  -6.6520210532147495e-01
  -8.2295316359953197e-01   3.6401238398088698e-01  -4.3616863118531601e-01
  -5.5322678206517995e-01   7.6858873206877298e-01  -3.2126544872226998e-01
  -9.8246960761421898e-01   1.1014854511430200e-01   1.5040202167379799e-01
  -5.6173295349185004e-01  -2.3048509191404701e-01   7.9456447904918104e-01
   4.9185404164863999e-01  -8.6762751738043797e-01   7.2815470870933000e-02
  -4.0314997334899499e-01   1.1442069708794300e-01   9.0795264362554395e-01
   4.7710308713128001e-02  -8.4693902147325095e-01  -5.2954510700074497e-01
  -4.0811609197708898e-01  -6.2525787843522096e-01   6.6520210532140900e-01
   8.2295316359959303e-01  -3.6401238398104802e-01  -4.3616863118506799e-01
   5.5322678206524001e-01  -7.6858873206876199e-01  -3.2126544872219298e-01
   9.8246960761422297e-01  -1.1014854511420299e-01   1.5040202167384101e-01
   5.6173295349201202e-01   2.3048509191396499e-01   7.9456447904909100e-01
  -4.9185404164884400e-01   8.6762751738032295e-01   7.2815470870930002e-02
   4.0314997334884201e-01  -1.1442069708780200e-01   9.0795264362563000e-01
  -4.7710308713125003e-02   8.4693902147333200e-01  -5.2954510700061497e-01
   4.0811609197702498e-01   6.2525787843514402e-01   6.6520210532152102e-01
   3.6401238398087399e-01  -8.2295316359961201e-01   4.3616863118517601e-01
   7.6858873206860201e-01  -5.5322678206545495e-01   3.2126544872220603e-01
   1.1014854511400200e-01  -9.8246960761421698e-01  -1.5040202167402700e-01
  -2.3048509191413899e-01  -5.6173295349179297e-01  -7.9456447904919503e-01
  -8.6762751738026100e-01   4.9185404164891000e-01  -7.2815470871215995e-02
   1.1442069708783600e-01  -4.0314997334886499e-01  -9.0795264362561501e-01
  -8.4693902147331501e-01   4.7710308713299003e-02   5.2954510700062696e-01
  -6.2525787843531300e-01  -4.0811609197692100e-01  -6.6520210532142499e-01
  -8.2295316359962001e-01  -3.6401238398074798e-01   4.3616863118526600e-01
  -5.5322678206542797e-01  -7.6858873206864797e-01   3.2126544872214202e-01
  -9.8246960761424995e-01  -1.1014854511413000e-01  -1.5040202167372299e-01
  -5.6173295349190300e-01   2.3048509191405500e-01  -7.9456447904914196e-01
   4.9185404164896301e-01   8.6762751738025101e-01  -7.2815470870974994e-02
  -4.0314997334892100e-01  -1.1442069708774300e-01  -9.0795264362560202e-01
   4.7710308713224001e-02   8.4693902147334699e-01   5.2954510700058299e-01
  -4.0811609197692400e-01   6.2525787843521097e-01  -6.6520210532152002e-01
  -3.6401238398103902e-01  -8.2295316359948500e-01  -4.3616863118527899e-01
  -7.6858873206872402e-01  -5.5322678206536202e-01  -3.2126544872207402e-01
  -1.1014854511413801e-01  -9.8246960761423097e-01   1.5040202167383701e-01
   2.3048509191401101e-01  -5.6173295349199004e-01   7.9456447904909300e-01
   8.6762751738030697e-01   4.9185404164883401e-01   7.2815470871186005e-02
  -1.1442069708781100e-01  -4.0314997334895603e-01   9.0795264362557804e-01
   8.4693902147337996e-01   4.7710308713071997e-02  -5.2954510700054402e-01
   6.2525787843515501e-01  -4.0811609197701498e-01   6.6520210532151602e-01
