  -7.5382866719701702e-01   5.4595190806126004e-01  -3.6562119002628701e-01
   5.4595190806125804e-01  -3.6562119002629001e-01  -7.5382866719701702e-01
   7.5382866719701602e-01  -5.4595190806126104e-01  -3.6562119002628801e-01
  -3.6562119002628901e-01  -7.5382866719701702e-01   5.4595190806125904e-01
  -5.4595190806125804e-01  -3.6562119002628801e-01   7.5382866719701802e-01
  -3.6562119002628901e-01   7.5382866719701702e-01  -5.4595190806125904e-01
  -5.4595190806125804e-01   3.6562119002628901e-01  -7.5382866719701702e-01
   3.6562119002628701e-01   7.5382866719701702e-01   5.4595190806126004e-01
   5.4595190806125904e-01   3.6562119002628901e-01   7.5382866719701702e-01
   3.6562119002628701e-01  -7.5382866719701802e-01  -5.4595190806125904e-01
  -7.5382866719701702e-01  -5.4595190806126104e-01   3.6562119002628801e-01
   7.5382866719701602e-01   5.4595190806126104e-01   3.6562119002628701e-01
   7.0018101936373001e-01  -7.1315106584779298e-01   3.4089549761255999e-02
  -7.1315106584779397e-01   3.4089549761254001e-02   7.0018101936372901e-01
  -7.0018101936373001e-01   7.1315106584779298e-01   3.4089549761255999e-02
   3.4089549761255000e-02   7.0018101936373001e-01  -7.1315106584779298e-01
   7.1315106584779298e-01   3.4089549761254001e-02  -7.0018101936373001e-01
   3.4089549761256999e-02  -7.0018101936372901e-01   7.1315106584779397e-01
   7.1315106584779397e-01  -3.4089549761255000e-02   7.0018101936372801e-01
  -3.4089549761255999e-02  -7.0018101936372901e-01  -7.1315106584779397e-01
  -7.1315106584779397e-01  -3.4089549761254001e-02  -7.0018101936372901e-01
  -3.4089549761256999e-02   7.0018101936372901e-01   7.1315106584779397e-01
   7.0018101936373001e-01   7.1315106584779298e-01  -3.4089549761256999e-02
  -7.0018101936372901e-01  -7.1315106584779397e-01  -3.4089549761256999e-02
   2.7623021826179200e-01   7.7050720725736002e-02  -9.5799793995325899e-01
   7.7050720725735003e-02  -9.5799793995325799e-01   2.7623021826179300e-01
  -2.7623021826179200e-01  -7.7050720725734004e-02  -9.5799793995325899e-01
  -9.5799793995325899e-01   2.7623021826179101e-01   7.7050720725738001e-02
  -7.7050720725735003e-02  -9.5799793995325899e-01  -2.7623021826179200e-01
  -9.5799793995325799e-01  -2.7623021826179300e-01  -7.7050720725736002e-02
  -7.7050720725736002e-02   9.5799793995325799e-01   2.7623021826179400e-01
   9.5799793995325899e-01  -2.7623021826179001e-01   7.7050720725737001e-02
   7.7050720725734004e-02   9.5799793995325899e-01  -2.7623021826179200e-01
   9.5799793995325799e-01   2.7623021826179300e-01  -7.7050720725738001e-02
   2.7623021826179300e-01  -7.7050720725736002e-02   9.5799793995325799e-01
  -2.7623021826179101e-01   7.7050720725735003e-02   9.5799793995325899e-01
   4.5181910255524299e-01  -7.8335593752181898e-01   4.2686411621907000e-01
  -7.8335593752181798e-01   4.2686411621907100e-01   4.5181910255524299e-01
  -4.5181910255524299e-01   7.8335593752181898e-01   4.2686411621907000e-01
   4.2686411621907100e-01   4.5181910255524199e-01  -7.8335593752181898e-01
   7.8335593752181798e-01   4.2686411621907000e-01  -4.5181910255524399e-01
   4.2686411621907200e-01  -4.5181910255524199e-01   7.8335593752181798e-01
   7.8335593752181898e-01  -4.2686411621907000e-01   4.5181910255524199e-01
  -4.2686411621907200e-01  -4.5181910255524099e-01  -7.8335593752181898e-01
  -7.8335593752181798e-01  -4.2686411621907000e-01  -4.5181910255524299e-01
  -4.2686411621907200e-01   4.5181910255524099e-01   7.8335593752181898e-01
   4.5181910255524299e-01   7.8335593752181798e-01  -4.2686411621907100e-01
  -4.5181910255524199e-01  -7.8335593752181898e-01  -4.2686411621907100e-01
  -3.3858435995926001e-01  -9.3321003723952700e-01   1.2033144886678400e-01
  -9.3321003723952600e-01   1.2033144886678700e-01  -3.3858435995926001e-01
   3.3858435995926101e-01   9.3321003723952600e-01   1.2033144886678600e-01
   1.2033144886678500e-01  -3.3858435995926101e-01  -9.3321003723952600e-01
   9.3321003723952600e-01   1.2033144886678900e-01   3.3858435995926001e-01
   1.2033144886678500e-01   3.3858435995926101e-01   9.3321003723952600e-01
   9.3321003723952600e-01  -1.2033144886678700e-01  -3.3858435995926200e-01
  -1.2033144886678400e-01   3.3858435995926200e-01  -9.3321003723952600e-01
  -9.3321003723952600e-01  -1.2033144886678700e-01   3.3858435995926101e-01
  -1.2033144886678400e-01  -3.3858435995926200e-01   9.3321003723952600e-01
  -3.3858435995926200e-01   9.3321003723952600e-01  -1.2033144886678400e-01
   3.3858435995926101e-01  -9.3321003723952700e-01  -1.2033144886678300e-01
