  -4.5373435960165498e-01   8.7751241483108200e-01  -1.5523238300753800e-01
   1.3549979833194000e-02  -9.9259106704520395e-01  -1.2074506892036500e-01
  -9.1798441945200304e-01   3.8578089336091897e-01   9.2074469648323998e-02
   7.1870691997707503e-01   6.9485717005076097e-01   2.5176902234283999e-02
   3.9250238939861798e-01  -5.0153282769466201e-01   7.7097775393390700e-01
  -4.6768781609945098e-01  -6.7930341713797304e-01  -5.6552185999906301e-01
   2.8992808901591099e-01  -5.1396745267820498e-01  -8.0732840950078000e-01
   1.1078991191367400e-01  -9.6935949740043503e-01   2.1924360929736600e-01
   6.6399090371100300e-01  -5.6465280621080205e-01   4.9018699312335101e-01
  -4.2893484133925303e-01  -8.5790544773440902e-01  -2.8286594816784300e-01
  -1.0976530289485600e-01   7.6037344928298300e-01   6.4014357444709202e-01
   5.5978976576513395e-01  -1.4558432364843099e-01   8.1574543998262405e-01
  -1.3918625937575001e-02   8.8583526226141496e-01  -4.6379107363797001e-01
  -4.3241474859161200e-01   8.3179203262285295e-01   3.4805100152936702e-01
  -8.5890936348189395e-01   2.4758725834618101e-01   4.4830263754270899e-01
   3.3740256866957602e-01  -1.8359625476930899e-01  -9.2328322950752995e-01
   2.5475626425297299e-01   1.2452113779343300e-01   9.5895449947664302e-01
   7.5315882603198006e-02   6.6304914371523405e-01  -7.4477738341480004e-01
  -4.2808255087531699e-01   7.5591794947105895e-01  -4.9531140033674997e-01
   3.3141006000000001e-08  -3.1496049999999999e-09  -1.0000000000000000e+00
  -8.7751244413296703e-01  -4.5373432264368502e-01  -1.5523232539282100e-01
   9.9259106277998399e-01   1.3549959658640000e-02  -1.2074510624680200e-01
  -3.8578082854202400e-01  -9.1798444220321895e-01   9.2074514401516996e-02
  -6.9485712036292102e-01   7.1870696719143901e-01   2.5176925774077999e-02
   5.0153291503817099e-01   3.9250244080657998e-01   7.7097767094397196e-01
   6.7930335916728801e-01  -4.6768786290326497e-01  -5.6552189092643901e-01
   5.1396745256004905e-01   2.8992812981398802e-01  -8.0732839492457997e-01
   9.6935950381587699e-01   1.1078989563682400e-01   2.1924358915739900e-01
   5.6465280622321801e-01   6.6399095293548405e-01   4.9018692643120598e-01
   8.5790541243124196e-01  -4.2893483680008299e-01  -2.8286606212210502e-01
  -7.6037346474020495e-01  -1.0976533408548500e-01   6.4014355073848705e-01
   1.4558436650291001e-01   5.5978975636195405e-01   8.1574543878723005e-01
  -8.8583526720401295e-01  -1.3918648107902000e-02  -4.6379106353232302e-01
  -8.3179205104613396e-01  -4.3241475823463499e-01   3.4805094551997401e-01
  -2.4758725390383199e-01  -8.5890934464891400e-01   4.4830267607848701e-01
   1.8359626044179600e-01   3.3740253611211601e-01  -9.2328324027727304e-01
  -1.2452107076477099e-01   2.5475624217477599e-01   9.5895451404567800e-01
  -6.6304915156179201e-01   7.5315875726998993e-02  -7.4477737712464298e-01
  -7.5591796953412005e-01  -4.2808256489914298e-01  -4.9531135759720302e-01
   4.5373436946353701e-01  -8.7751242056009704e-01  -1.5523232179635299e-01
  -1.3549981569808000e-02   9.9259105958035299e-01  -1.2074513009065900e-01
   9.1798444132218304e-01  -3.8578085535391499e-01   9.2074410846885002e-02
  -7.1870692584002904e-01  -6.9485716468706904e-01   2.5176882901230001e-02
  -3.9250243579759297e-01   5.0153282670823396e-01   7.7097773095401700e-01
   4.6768781755177002e-01   6.7930341097702596e-01  -5.6552186619850497e-01
  -2.8992812714780503e-01   5.1396741099107801e-01  -8.0732842234600799e-01
  -1.1078991095541700e-01   9.6935950904794899e-01   2.1924355828350101e-01
  -6.6399092136985005e-01   5.6465281278333301e-01   4.9018696163228198e-01
   4.2893482621093498e-01   8.5790543998527602e-01  -2.8286599461063699e-01
   1.0976529649880599e-01  -7.6037346221726798e-01   6.4014356018025698e-01
  -5.5978977126927598e-01   1.4558430202793199e-01   8.1574544006407501e-01
   1.3918572070546999e-02  -8.8583528840526105e-01  -4.6379102532011701e-01
   4.3241479658427501e-01  -8.3179201312422002e-01   3.4805098850274502e-01
   8.5890937717411597e-01  -2.4758731414085000e-01   4.4830258049546401e-01
  -3.3740253123935998e-01   1.8359623093844299e-01  -9.2328324792474803e-01
  -2.5475623161756700e-01  -1.2452105529401100e-01   9.5895451885920202e-01
  -7.5315900403509994e-02  -6.6304915645428097e-01  -7.4477737027361102e-01
   4.2808248000194998e-01  -7.5591802632387595e-01  -4.9531134430174001e-01
   8.7751242921572803e-01   4.5373435052948102e-01  -1.5523232821001301e-01
  -9.9259106155009302e-01  -1.3549933636685000e-02  -1.2074511927734601e-01
   3.8578083263304702e-01   9.1798444571970095e-01   9.2074462201231999e-02
   6.9485717622526899e-01  -7.1870691365046002e-01   2.5176912425373000e-02
  -5.0153283614053901e-01  -3.9250246419322599e-01   7.7097771036202700e-01
  -6.7930343477851696e-01   4.6768778746819101e-01  -5.6552186248740000e-01
  -5.1396743142323398e-01  -2.8992813395470202e-01  -8.0732840689384100e-01
  -9.6935951082422500e-01  -1.1078984742937900e-01   2.1924358253137799e-01
  -5.6465284796045201e-01  -6.6399091695023904e-01   4.9018692709794998e-01
  -8.5790543888311499e-01   4.2893484156206502e-01  -2.8286597467510199e-01
   7.6037349614906402e-01   1.0976524668167900e-01   6.4014352841761901e-01
  -1.4558432130388199e-01  -5.5978971596439797e-01   8.1574547457585500e-01
   8.8583527410605001e-01   1.3918615006963000e-02  -4.6379105134289300e-01
   8.3179203040122496e-01   4.3241477398760703e-01   3.4805097528703299e-01
   2.4758721669535599e-01   8.5890938079387502e-01   4.4830262737723298e-01
  -1.8359624300127200e-01  -3.3740252426613998e-01  -9.2328324807431394e-01
   1.2452108322871699e-01  -2.5475615475655800e-01   9.5895453565077804e-01
   6.6304916180772500e-01  -7.5315884158113994e-02  -7.4477736715044895e-01
   7.5591798855973202e-01   4.2808254457221800e-01  -4.9531134612926397e-01
