   8.5440327986746900e-01  -5.0535413400720597e-01   1.2088107624247400e-01
  -5.0543491755569003e-01   1.2081621980599599e-01   8.5436466754382001e-01
  -8.5438677666556195e-01   5.0532476520394598e-01   1.2112026061154200e-01
   1.2083335863662099e-01   8.5439778983401504e-01  -5.0537482739778805e-01
   5.0539790975457499e-01   1.2118450752489700e-01  -8.5433440054328502e-01
   1.2116789178177700e-01  -8.5435959216989199e-01   5.0535930709590804e-01
   5.0555024399060600e-01  -1.2102909988322300e-01   8.5426629793203002e-01
  -1.2090123005825699e-01  -8.5427123088989998e-01  -5.0557250384515195e-01
  -5.0551274308047500e-01  -1.2097180189329200e-01  -8.5429660524313500e-01
  -1.2110022170993701e-01   8.5423331067054498e-01   5.0558895087080802e-01
   8.5422808601807698e-01   5.0562286374043997e-01  -1.2099544090918800e-01
  -8.5424425191500097e-01  -5.0559333917804195e-01  -1.2100468358281900e-01
  -2.6498789877837498e-01   8.8381369857536196e-01  -3.8555772552441703e-01
   8.8384954366141799e-01  -3.8551477232378700e-01  -2.6493082963226799e-01
   2.6493557758678998e-01  -8.8371753126411201e-01  -3.8581402860084901e-01
  -3.8558596982821403e-01  -2.6499188213211999e-01   8.8380018232387303e-01
  -8.8372922090257400e-01  -3.8585720412822100e-01   2.6483368770849602e-01
  -3.8578557089432602e-01   2.6487434127982801e-01  -8.8374831067522597e-01
  -8.8388533425827998e-01   3.8557993063213503e-01  -2.6471651436366200e-01
   3.8570556518883298e-01   2.6477136295039999e-01   8.8381408811115403e-01
   8.8376477967734701e-01   3.8579199328980601e-01   2.6481003023928001e-01
   3.8566715943563801e-01  -2.6465312894909299e-01  -8.8386625881425096e-01
  -2.6465693400637003e-01  -8.8389703369294403e-01   3.8559401073040800e-01
   2.6470898062570603e-01   8.8380076582133005e-01   3.8577890288315297e-01
  -9.7335216489303100e-01   2.2802623925395099e-01   2.4281624940473999e-02
   2.2811234588692600e-01   2.4344549147457002e-02  -9.7333041696063805e-01
   9.7335544280920205e-01  -2.2803218046318899e-01   2.4093705130314998e-02
   2.4356788098519998e-02  -9.7334283335931504e-01   2.2805805318292399e-01
  -2.2811964641161300e-01   2.4031592823588001e-02   9.7333648316879695e-01
   2.4019836271026999e-02   9.7335031906189096e-01  -2.2806184215608599e-01
  -2.2824330084414099e-01  -2.4101340294447000e-02  -9.7330576953791004e-01
  -2.4325527828938001e-02   9.7328585933122902e-01   2.2830441240088800e-01
   2.2825110023150899e-01  -2.4273911824481000e-02   9.7329965193040302e-01
  -2.4050630999231000e-02  -9.7329333195096901e-01  -2.2830168008212201e-01
  -9.7328406841887605e-01  -2.2833058925674099e-01  -2.4150862752081000e-02
   9.7328076689744203e-01   2.2833679228562800e-01  -2.4225153791815002e-02
   1.7649416436059701e-01  -6.4391596175768695e-01   7.4446090840307200e-01
  -6.4395547473476500e-01   7.4442987989619502e-01   1.7648087850206501e-01
  -1.7639454579575800e-01   6.4373024636337595e-01   7.4464510616162305e-01
   7.4448217698494201e-01   1.7654076846568101e-01  -6.4387859509484302e-01
   6.4372217354499695e-01   7.4467556540830204e-01  -1.7629539293563701e-01
   7.4462326029850001e-01  -1.7630875464538900e-01   6.4377901741034205e-01
   6.4397964699190202e-01  -7.4447312817209699e-01   1.7621003288643300e-01
  -7.4456881519956397e-01  -1.7638194509082000e-01  -6.4382193879852800e-01
  -6.4374530041869604e-01  -7.4463231714907396e-01  -1.7639359525233300e-01
  -7.4453660730866300e-01   1.7614917425532500e-01   6.4392290593398904e-01
   1.7619570702358001e-01   6.4397111856249400e-01  -7.4448389591973696e-01
  -1.7629579034618301e-01  -6.4378479906858699e-01  -7.4462133114384699e-01
  -5.3826809166935696e-01  -7.1444309720792798e-01   4.4703302153484398e-01
  -7.1440857134223401e-01   4.4704012179761798e-01  -5.3830801842060505e-01
   5.3832821121943797e-01   7.1433166855068397e-01   4.4713868576860699e-01
   4.4712019780959900e-01  -5.3825262028460596e-01  -7.1440019979522795e-01
   7.1426933838992401e-01   4.4713116789972002e-01   5.3841715326376205e-01
   4.4705076003032901e-01   5.3839064565278305e-01   7.1433964654769400e-01
   7.1433537803691105e-01  -4.4690804426239000e-01  -5.3851477942432402e-01
  -4.4721697306066999e-01   5.3843074143507896e-01  -7.1420537360350600e-01
  -7.1419705420200197e-01  -4.4726447916670697e-01   5.3840231560136997e-01
  -4.4695514751865201e-01  -5.3856861628753205e-01   7.1426531601129395e-01
  -5.3855313587161002e-01   7.1427348534589996e-01  -4.4696074545162801e-01
   5.3849242349254700e-01  -7.1416274987901296e-01  -4.4721077416177002e-01
  -8.5426255917151905e-01  -1.2119678648133400e-01   5.0551638840330804e-01
  -1.2113522591777399e-01   5.0556284081989800e-01  -8.5424380069390304e-01
   8.5433094142672195e-01   1.2107193745480101e-01   5.0543073559279195e-01
   5.0560092757096997e-01  -8.5422050066531796e-01  -1.2114057240440999e-01
   1.2098048386572700e-01   5.0538538008875400e-01   8.5437072756278398e-01
   5.0534741732537902e-01   8.5438000603555297e-01   1.2107350283714900e-01
   1.2102018747252900e-01  -5.0534864063914597e-01  -8.5438683605746202e-01
  -5.0561668456873399e-01   8.5425093160274601e-01  -1.2085989467793901e-01
  -1.2086573102790200e-01  -5.0559848236890403e-01   8.5426087917529703e-01
  -5.0533076030876001e-01  -8.5441039802093000e-01   1.2092846827561700e-01
  -8.5436808639668904e-01   1.2092842509625901e-01  -5.0540230406142606e-01
   8.5430018614989600e-01  -1.2080444891838900e-01  -5.0554671106216997e-01
   7.4446329730469096e-01   6.4394587916551504e-01   1.7637489524300301e-01
   6.4387409258609596e-01   1.7635265463927699e-01   7.4453065356512504e-01
  -7.4443943835175597e-01  -6.4398967395564499e-01   1.7631568978688300e-01
   1.7627253848123500e-01   7.4449940670412396e-01   6.4393215915544100e-01
  -6.4392722799418700e-01   1.7633734861359901e-01  -7.4448832397267894e-01
   1.7641715609213399e-01  -7.4444535935270095e-01  -6.4395504033635098e-01
  -6.4377327643674198e-01  -1.7653758149463700e-01   7.4457400630557002e-01
  -1.7618628907553099e-01  -7.4465993553875698e-01   6.4377012352640905e-01
   6.4382761030951197e-01  -1.7615305617914701e-01  -7.4461809607468599e-01
  -1.7650385774324701e-01   7.4460642638863805e-01  -6.4374502559825098e-01
   7.4464256379752802e-01  -6.4371130575638802e-01  -1.7647438064050699e-01
  -7.4466608954573799e-01   6.4375505178083103e-01  -1.7621534662826499e-01
  -2.2833607153198601e-01   9.7328524248489900e-01  -2.4051511354804999e-02
   9.7330645157172002e-01  -2.4007277846050001e-02  -2.2825030545278599e-01
   2.2833319810636701e-01  -9.7327910566999898e-01  -2.4325564920999000e-02
  -2.4087022235214001e-02  -2.2830633461700400e-01   9.7329134021298502e-01
  -9.7329893614240104e-01  -2.4368394387641001e-02   2.2824408482814701e-01
  -2.4288551979358999e-02   2.2829955323978901e-01  -9.7328792257648999e-01
  -9.7333717423158195e-01   2.4064219708824001e-02  -2.2811325824836201e-01
   2.4218299052140999e-02   2.2806396315717101e-01   9.7334490428627896e-01
   9.7332970741805702e-01   2.4311563193311000e-02   2.2811889126632301e-01
   2.4157446706032999e-02  -2.2805610097452100e-01  -9.7334825862942997e-01
  -2.2802658690338801e-01  -9.7335704727971495e-01   2.4081822524600002e-02
   2.2803028304676801e-01   9.7335091346123503e-01   2.4293811512186000e-02
   7.1418822164147799e-01   5.3857777057835898e-01  -4.4706729818610902e-01
   5.3852747864369799e-01  -4.4709180443219798e-01   7.1421080442347196e-01
  -7.1424876877961196e-01  -5.3846722065791897e-01  -4.4710373357168898e-01
  -4.4716133503156502e-01   7.1416575028132701e-01   5.3852949926433702e-01
  -5.3838958431231898e-01  -4.4708041178795099e-01  -7.1432188885650505e-01
  -4.4701096945720897e-01  -7.1430511308841704e-01  -5.3846949644401398e-01
  -5.3843201541505503e-01   4.4691368135259102e-01   7.1439423723596596e-01
   4.4723274829916299e-01  -7.1430049803175699e-01   5.3829143348223696e-01
   5.3829303992615096e-01   4.4725787841520298e-01  -7.1428355249340203e-01
   4.4693845098103802e-01   7.1443943430557100e-01  -5.3835147974516295e-01
   7.1441661378927102e-01  -5.3835415954091503e-01   4.4697170027515998e-01
  -7.1435713051903704e-01   5.3824322433814298e-01   4.4720031477033600e-01
  -8.8382262479636997e-01   2.6463620396544402e-01   3.8577875453271798e-01
   2.6470357764027802e-01   3.8583706665855000e-01  -8.8377699335113002e-01
   8.8387439052372696e-01  -2.6473168110457901e-01   3.8559460420998398e-01
   3.8584266203084799e-01  -8.8377986383769702e-01   2.6468583723344702e-01
  -2.6482277877838001e-01   3.8553529579655599e-01   8.8387297251084695e-01
   3.8553029576301800e-01   8.8390055683724800e-01  -2.6473797738836502e-01
  -2.6482304364947901e-01  -3.8561629504909201e-01  -8.8383755778131401e-01
  -3.8580665937190600e-01   8.8371381970402496e-01   2.6495868819197599e-01
   2.6494140177900599e-01  -3.8575545256723098e-01   8.8374135607542204e-01
  -3.8556526671575603e-01  -8.8383466693972101e-01  -2.6490697729195301e-01
  -8.8379195067386296e-01  -2.6491375048309901e-01  -3.8565851828926001e-01
   8.8373985297187696e-01   2.6500888802554001e-01  -3.8571253743780698e-01
