  -2.5158129935593798e-01   9.6570246281315597e-01  -6.4230858090044002e-02
   9.6570246281297301e-01  -6.4230858090163004e-02  -2.5158129935660900e-01
   2.5158129935620999e-01  -9.6570246281307603e-01  -6.4230858090184001e-02
  -6.4230858090036994e-02  -2.5158129935646900e-01   9.6570246281301797e-01
  -9.6570246281298799e-01  -6.4230858090212006e-02   2.5158129935654000e-01
  -6.4230858090283005e-02   2.5158129935621298e-01  -9.6570246281306804e-01
  -9.6570246281312899e-01   6.4230858090349993e-02  -2.5158129935596202e-01
   6.4230858090208995e-02   2.5158129935632201e-01   9.6570246281304495e-01
   9.6570246281309002e-01   6.4230858089910997e-02   2.5158129935622597e-01
   6.4230858090200002e-02  -2.5158129935630003e-01  -9.6570246281305105e-01
  -2.5158129935660001e-01  -9.6570246281299199e-01   6.4230858089919005e-02
   2.5158129935651602e-01   9.6570246281298100e-01   6.4230858090401993e-02
  -7.7426553384577201e-01   3.8151518234339699e-01  -5.0493469750058295e-01
   3.8151518234319698e-01  -5.0493469750065700e-01  -7.7426553384582297e-01
   7.7426553384558305e-01  -3.8151518234338599e-01  -5.0493469750088305e-01
  -5.0493469750079700e-01  -7.7426553384568098e-01   3.8151518234330001e-01
  -3.8151518234315301e-01  -5.0493469750080500e-01   7.7426553384574803e-01
  -5.0493469750062203e-01   7.7426553384588703e-01  -3.8151518234311399e-01
  -3.8151518234327197e-01   5.0493469750088305e-01  -7.7426553384563901e-01
   5.0493469750080799e-01   7.7426553384561503e-01   3.8151518234341902e-01
   3.8151518234349002e-01   5.0493469750062103e-01   7.7426553384570296e-01
   5.0493469750057995e-01  -7.7426553384580599e-01  -3.8151518234333298e-01
  -7.7426553384571895e-01  -3.8151518234332099e-01   5.0493469750072295e-01
   7.7426553384589403e-01   3.8151518234297999e-01   5.0493469750071096e-01
   6.2189208986585698e-01   4.5171679969426098e-01  -6.3968911311374699e-01
   4.5171679969419098e-01  -6.3968911311391796e-01   6.2189208986573097e-01
  -6.2189208986564803e-01  -4.5171679969422501e-01  -6.3968911311397603e-01
  -6.3968911311390098e-01   6.2189208986549904e-01   4.5171679969453499e-01
  -4.5171679969400802e-01  -6.3968911311379995e-01  -6.2189208986598599e-01
  -6.3968911311387899e-01  -6.2189208986565503e-01  -4.5171679969435102e-01
  -4.5171679969434703e-01   6.3968911311367505e-01   6.2189208986586897e-01
   6.3968911311378795e-01  -6.2189208986599498e-01   4.5171679969401302e-01
   4.5171679969458700e-01   6.3968911311395504e-01  -6.2189208986540601e-01
   6.3968911311406096e-01   6.2189208986590006e-01  -4.5171679969375700e-01
   6.2189208986588895e-01  -4.5171679969428102e-01   6.3968911311370102e-01
  -6.2189208986589795e-01   4.5171679969371298e-01   6.3968911311409404e-01
   2.8181104267509099e-01   8.5804784769619702e-01  -4.2934418278381398e-01
   8.5804784769640796e-01  -4.2934418278365899e-01   2.8181104267468798e-01
  -2.8181104267511398e-01  -8.5804784769630604e-01  -4.2934418278358100e-01
  -4.2934418278331499e-01   2.8181104267494700e-01   8.5804784769649500e-01
  -8.5804784769638598e-01  -4.2934418278332898e-01  -2.8181104267525697e-01
  -4.2934418278397901e-01  -2.8181104267479301e-01  -8.5804784769621301e-01
  -8.5804784769613596e-01   4.2934418278394798e-01   2.8181104267507501e-01
   4.2934418278357400e-01  -2.8181104267500201e-01   8.5804784769634701e-01
   8.5804784769643005e-01   4.2934418278343200e-01  -2.8181104267496399e-01
   4.2934418278340702e-01   2.8181104267540003e-01  -8.5804784769630005e-01
   2.8181104267478002e-01  -8.5804784769651499e-01   4.2934418278338299e-01
  -2.8181104267519302e-01   8.5804784769622700e-01   4.2934418278368802e-01
  -6.4961200410736897e-01  -6.1531108406947099e-01   4.4653836782617001e-01
  -6.1531108406957502e-01   4.4653836782654399e-01  -6.4961200410701403e-01
   6.4961200410733799e-01   6.1531108406927404e-01   4.4653836782648698e-01
   4.4653836782628997e-01  -6.4961200410723396e-01  -6.1531108406952595e-01
   6.1531108406963098e-01   4.4653836782618900e-01   6.4961200410720499e-01
   4.4653836782630002e-01   6.4961200410722297e-01   6.1531108406953094e-01
   6.1531108406933699e-01  -4.4653836782626999e-01  -6.4961200410742803e-01
  -4.4653836782624801e-01   6.4961200410734599e-01  -6.1531108406943902e-01
  -6.1531108406937296e-01  -4.4653836782653600e-01   6.4961200410721098e-01
  -4.4653836782628598e-01  -6.4961200410730302e-01   6.1531108406945700e-01
  -6.4961200410712105e-01   6.1531108406972301e-01  -4.4653836782618300e-01
   6.4961200410712505e-01  -6.1531108406955104e-01  -4.4653836782641498e-01
   9.9336311631950303e-01  -1.1346872814824600e-01  -1.8829946054775001e-02
  -1.1346872814803501e-01  -1.8829946054638998e-02   9.9336311631952900e-01
  -9.9336311631952301e-01   1.1346872814820400e-01  -1.8829946053964000e-02
  -1.8829946053903000e-02   9.9336311631955398e-01  -1.1346872814794300e-01
   1.1346872814806599e-01  -1.8829946054323001e-02  -9.9336311631953200e-01
  -1.8829946054742999e-02  -9.9336311631953300e-01   1.1346872814798600e-01
   1.1346872814821900e-01   1.8829946054485000e-02   9.9336311631951102e-01
   1.8829946054344002e-02  -9.9336311631951002e-01  -1.1346872814825400e-01
  -1.1346872814817800e-01   1.8829946054246000e-02  -9.9336311631952101e-01
   1.8829946054485000e-02   9.9336311631950303e-01   1.1346872814828700e-01
   9.9336311631954000e-01   1.1346872814798500e-01   1.8829946054381999e-02
  -9.9336311631953100e-01  -1.1346872814803700e-01   1.8829946054542000e-02
   2.4639888589156900e-01  -7.2080156964980402e-01   6.4786779995750099e-01
  -7.2080156964939202e-01   6.4786779995788601e-01   2.4639888589176201e-01
  -2.4639888589168199e-01   7.2080156964963205e-01   6.4786779995764898e-01
   6.4786779995743704e-01   2.4639888589166301e-01  -7.2080156964982900e-01
   7.2080156964986397e-01   6.4786779995757704e-01  -2.4639888589119199e-01
   6.4786779995765797e-01  -2.4639888589167899e-01   7.2080156964962505e-01
   7.2080156964965603e-01  -6.4786779995773403e-01   2.4639888589138900e-01
  -6.4786779995790400e-01  -2.4639888589143299e-01  -7.2080156964948905e-01
  -7.2080156964986497e-01  -6.4786779995737298e-01  -2.4639888589172701e-01
  -6.4786779995747401e-01   2.4639888589116599e-01   7.2080156964996600e-01
   2.4639888589179401e-01   7.2080156964950703e-01  -6.4786779995774502e-01
  -2.4639888589145600e-01  -7.2080156964966602e-01  -6.4786779995769705e-01
  -7.9354420480217902e-01  -3.8762877340126900e-01  -4.6907518486518301e-01
  -3.8762877340135299e-01  -4.6907518486479399e-01  -7.9354420480236798e-01
   7.9354420480217103e-01   3.8762877340153601e-01  -4.6907518486497501e-01
  -4.6907518486509697e-01  -7.9354420480203403e-01  -3.8762877340166801e-01
   3.8762877340168000e-01  -4.6907518486498800e-01   7.9354420480209298e-01
  -4.6907518486511002e-01   7.9354420480210397e-01   3.8762877340151197e-01
   3.8762877340142499e-01   4.6907518486529798e-01  -7.9354420480203502e-01
   4.6907518486506800e-01   7.9354420480233701e-01  -3.8762877340108398e-01
  -3.8762877340149099e-01   4.6907518486493099e-01   7.9354420480221899e-01
   4.6907518486478400e-01  -7.9354420480229604e-01   3.8762877340151197e-01
  -7.9354420480226495e-01   3.8762877340122398e-01   4.6907518486507499e-01
   7.9354420480218502e-01  -3.8762877340182300e-01   4.6907518486471500e-01
   1.6494505765300299e-01  -9.5837690971715395e-01   2.3303825196058700e-01
  -9.5837690971693501e-01   2.3303825196112599e-01   1.6494505765351200e-01
  -1.6494505765323800e-01   9.5837690971700096e-01   2.3303825196104799e-01
   2.3303825196066799e-01   1.6494505765350401e-01  -9.5837690971704803e-01
   9.5837690971710199e-01   2.3303825196051400e-01  -1.6494505765340900e-01
   2.3303825196074199e-01  -1.6494505765328801e-01   9.5837690971706702e-01
   9.5837690971709899e-01  -2.3303825196082700e-01   1.6494505765298201e-01
  -2.3303825196112199e-01  -1.6494505765322601e-01  -9.5837690971698597e-01
  -9.5837690971709300e-01  -2.3303825196063199e-01  -1.6494505765329301e-01
  -2.3303825196043401e-01   1.6494505765326101e-01   9.5837690971714695e-01
   1.6494505765349399e-01   9.5837690971696499e-01  -2.3303825196101499e-01
  -1.6494505765345799e-01  -9.5837690971703104e-01  -2.3303825196076899e-01
   5.6048425046697603e-01   8.1325264948369502e-01  -1.5645297404083400e-01
   8.1325264948369003e-01  -1.5645297404144601e-01   5.6048425046681305e-01
  -5.6048425046724004e-01  -8.1325264948343101e-01  -1.5645297404126299e-01
  -1.5645297404103001e-01   5.6048425046704697e-01   8.1325264948360898e-01
  -8.1325264948382003e-01  -1.5645297404072600e-01  -5.6048425046682604e-01
  -1.5645297404109701e-01  -5.6048425046677797e-01  -8.1325264948378095e-01
  -8.1325264948362996e-01   1.5645297404096700e-01   5.6048425046703498e-01
   1.5645297404128500e-01  -5.6048425046705297e-01   8.1325264948355502e-01
   8.1325264948348097e-01   1.5645297404115099e-01  -5.6048425046719896e-01
   1.5645297404088099e-01   5.6048425046699601e-01  -8.1325264948367204e-01
   5.6048425046683603e-01  -8.1325264948373699e-01   1.5645297404112199e-01
  -5.6048425046674000e-01   8.1325264948382303e-01   1.5645297404101799e-01
   3.6663005865131199e-01   9.2201883255093298e-01  -1.2435301570428201e-01
   9.2201883255088002e-01  -1.2435301570476200e-01   3.6663005865128401e-01
  -3.6663005865176101e-01  -9.2201883255070805e-01  -1.2435301570462901e-01
  -1.2435301570437700e-01   3.6663005865157700e-01   9.2201883255081496e-01
  -9.2201883255093298e-01  -1.2435301570420300e-01  -3.6663005865134102e-01
  -1.2435301570453400e-01  -3.6663005865111098e-01  -9.2201883255097905e-01
  -9.2201883255088302e-01   1.2435301570447800e-01   3.6663005865137199e-01
   1.2435301570463000e-01  -3.6663005865153703e-01   9.2201883255079697e-01
   9.2201883255074502e-01   1.2435301570446300e-01  -3.6663005865172299e-01
   1.2435301570429901e-01   3.6663005865156301e-01  -9.2201883255083095e-01
   3.6663005865128601e-01  -9.2201883255092298e-01   1.2435301570443801e-01
  -3.6663005865122900e-01   9.2201883255093797e-01   1.2435301570449200e-01
  -8.0467195365173505e-01  -7.0836250755726998e-02   5.8947881436500504e-01
  -7.0836250756057997e-02   5.8947881436500305e-01  -8.0467195365170696e-01
   8.0467195365192101e-01   7.0836250755382996e-02   5.8947881436479199e-01
   5.8947881436472604e-01  -8.0467195365194100e-01  -7.0836250755713995e-02
   7.0836250755938995e-02   5.8947881436477600e-01   8.0467195365188404e-01
   5.8947881436501803e-01   8.0467195365171496e-01   7.0836250755846000e-02
   7.0836250755601002e-02  -5.8947881436481098e-01  -8.0467195365188804e-01
  -5.8947881436478400e-01   8.0467195365188404e-01  -7.0836250755875005e-02
  -7.0836250755551000e-02  -5.8947881436494398e-01   8.0467195365179500e-01
  -5.8947881436497795e-01  -8.0467195365175903e-01   7.0836250755670002e-02
  -8.0467195365183597e-01   7.0836250756193000e-02  -5.8947881436481098e-01
   8.0467195365173105e-01  -7.0836250755763996e-02  -5.8947881436500604e-01
  -8.3059713777146305e-01  -4.8135622163672198e-01   2.8000818312590903e-01
  -4.8135622163676300e-01   2.8000818312632397e-01  -8.3059713777129895e-01
   8.3059713777146704e-01   4.8135622163662800e-01   2.8000818312605602e-01
   2.8000818312586401e-01  -8.3059713777134303e-01  -4.8135622163695602e-01
   4.8135622163707498e-01   2.8000818312589898e-01   8.3059713777126198e-01
   2.8000818312600401e-01   8.3059713777135102e-01   4.8135622163685898e-01
   4.8135622163665298e-01  -2.8000818312585901e-01  -8.3059713777152000e-01
  -2.8000818312601200e-01   8.3059713777152000e-01  -4.8135622163656400e-01
  -4.8135622163674102e-01  -2.8000818312611198e-01   8.3059713777138400e-01
  -2.8000818312605302e-01  -8.3059713777131405e-01   4.8135622163689401e-01
  -8.3059713777136601e-01   4.8135622163684000e-01  -2.8000818312599401e-01
   8.3059713777119404e-01  -4.8135622163702901e-01  -2.8000818312617798e-01
   6.2257610540464203e-01   2.7441908430236001e-02  -7.8207795943939895e-01
   2.7441908430276000e-02  -7.8207795943943104e-01   6.2257610540460095e-01
  -6.2257610540496300e-01  -2.7441908430045001e-02  -7.8207795943915004e-01
  -7.8207795943911795e-01   6.2257610540498798e-01   2.7441908430397000e-02
  -2.7441908430201001e-02  -7.8207795943929603e-01  -6.2257610540477404e-01
  -7.8207795943940805e-01  -6.2257610540462804e-01  -2.7441908430289000e-02
  -2.7441908430237999e-02   7.8207795943922098e-01   6.2257610540486596e-01
   7.8207795943926295e-01  -6.2257610540482000e-01   2.7441908430083001e-02
   2.7441908430419000e-02   7.8207795943926905e-01  -6.2257610540479802e-01
   7.8207795943945102e-01   6.2257610540459096e-01  -2.7441908429928000e-02
   6.2257610540478803e-01  -2.7441908430380000e-02   7.8207795943927805e-01
  -6.2257610540457198e-01   2.7441908429868000e-02   7.8207795943946801e-01
  -9.3186959347386999e-01   3.1871286328203202e-01  -1.7332389199822901e-01
   3.1871286328194398e-01  -1.7332389199825801e-01  -9.3186959347389398e-01
   9.3186959347374398e-01  -3.1871286328205101e-01  -1.7332389199887099e-01
  -1.7332389199884099e-01  -9.3186959347383602e-01   3.1871286328179899e-01
  -3.1871286328192400e-01  -1.7332389199861700e-01   9.3186959347383402e-01
  -1.7332389199824499e-01   9.3186959347397502e-01  -3.1871286328171400e-01
  -3.1871286328199699e-01   1.7332389199851500e-01  -9.3186959347382803e-01
   1.7332389199850101e-01   9.3186959347380105e-01   3.1871286328208398e-01
   3.1871286328208898e-01   1.7332389199853901e-01   9.3186959347379295e-01
   1.7332389199844300e-01  -9.3186959347382403e-01  -3.1871286328205001e-01
  -9.3186959347386500e-01  -3.1871286328192799e-01   1.7332389199844800e-01
   9.3186959347389697e-01   3.1871286328180198e-01   1.7332389199850301e-01
   8.8384817685270300e-01   2.0142380447521299e-01   4.2218580182768500e-01
   2.0142380447570299e-01   4.2218580182766102e-01   8.8384817685260197e-01
  -8.8384817685253403e-01  -2.0142380447555400e-01   4.2218580182787502e-01
   4.2218580182790999e-01   8.8384817685248396e-01   2.0142380447570099e-01
  -2.0142380447547201e-01   4.2218580182774401e-01  -8.8384817685261496e-01
   4.2218580182762300e-01  -8.8384817685264705e-01  -2.0142380447558600e-01
  -2.0142380447539701e-01  -4.2218580182783300e-01   8.8384817685258998e-01
  -4.2218580182792997e-01  -8.8384817685252304e-01   2.0142380447548899e-01
   2.0142380447547900e-01  -4.2218580182768201e-01  -8.8384817685264305e-01
  -4.2218580182751397e-01   8.8384817685276895e-01  -2.0142380447527999e-01
   8.8384817685247596e-01  -2.0142380447561400e-01  -4.2218580182796700e-01
  -8.8384817685271000e-01   2.0142380447556299e-01  -4.2218580182750198e-01
   2.0427503995640500e-01   7.1877056988422605e-01   6.6456043812366306e-01
   7.1877056988433397e-01   6.6456043812347398e-01   2.0427503995663701e-01
  -2.0427503995626001e-01  -7.1877056988426502e-01   6.6456043812366405e-01
   6.6456043812381005e-01   2.0427503995615601e-01   7.1877056988415999e-01
  -7.1877056988432497e-01   6.6456043812357901e-01  -2.0427503995632801e-01
   6.6456043812349197e-01  -2.0427503995637300e-01  -7.1877056988439303e-01
  -7.1877056988436105e-01  -6.6456043812355403e-01   2.0427503995627999e-01
  -6.6456043812355403e-01  -2.0427503995666199e-01   7.1877056988425403e-01
   7.1877056988409005e-01  -6.6456043812380206e-01  -2.0427503995643201e-01
  -6.6456043812350496e-01   2.0427503995668200e-01  -7.1877056988429300e-01
   2.0427503995637600e-01  -7.1877056988416499e-01  -6.6456043812373800e-01
  -2.0427503995636700e-01   7.1877056988453802e-01  -6.6456043812333698e-01
  -8.9884792747206899e-01   4.3770082336827998e-01   2.2144807560617000e-02
   4.3770082336792299e-01   2.2144807560963001e-02  -8.9884792747223397e-01
   8.9884792747218201e-01  -4.3770082336806498e-01   2.2144807560270000e-02
   2.2144807560315002e-02  -8.9884792747229303e-01   4.3770082336783400e-01
  -4.3770082336776600e-01   2.2144807560622998e-02   8.9884792747231901e-01
   2.2144807560559001e-02   8.9884792747216002e-01  -4.3770082336809402e-01
  -4.3770082336825500e-01  -2.2144807560326999e-02  -8.9884792747208797e-01
  -2.2144807560660999e-02   8.9884792747210296e-01   4.3770082336820698e-01
   4.3770082336803001e-01  -2.2144807560607001e-02   8.9884792747219100e-01
  -2.2144807560733001e-02  -8.9884792747219500e-01  -4.3770082336801502e-01
  -8.9884792747224496e-01  -4.3770082336790800e-01  -2.2144807560795999e-02
   8.9884792747231301e-01   4.3770082336777799e-01  -2.2144807560634000e-02
